9175	25071
7986	23882
10637	26533
6127	22023
6577	22473
8254	25723
9441	25337
10755	26651
8735	24631
7174	23070
6896	22792
8878	24774
6807	22703
6206	22102
7710	23606
7223	23119
9712	25608
6813	22709
7144	23040
10316	26212
6282	22178
10977	26873
7390	23286
6330	22226
9491	25387
7613	23509
6504	22400
6232	22128
7791	23687
8540	24436
7198	23094
7403	26364
6005	21901
7993	23889
9925	25821
10002	25898
6006	21902
8922	24818
8374	24270
9028	24924
9486	25382
9638	25534
8629	24525
10999	26895
6793	22689
10225	26121
10922	26818
7810	23706
8292	24188
10193	26089
10306	26202
9135	25031
9985	25881
8518	24414
10241	26137
9992	25888
9642	25538
7995	23891
7720	23616
6652	23230
6644	22540
6588	22484
8693	24589
8410	24306
9039	24935
6241	22137
8874	24770
7092	22988
6900	22796
6921	22817
7392	23288
9234	25130
7186	23082
8261	24157
7247	23143
9784	25680
7033	22929
10684	26580
7970	23866
10588	26484
6622	22518
10048	25944
6439	22335
6897	24840
7644	23540
8729	24625
6961	22857
9574	25470
10423	26319
6671	22567
10820	26716
9608	25504
8340	24236
8642	24538
8341	24237
8749	24645
6942	22838
9440	25336
9559	25455
9228	25124
6446	22342
6694	22590
6620	22516
7579	23475
10063	25959
7788	23684
8271	24167
8039	23935
10299	26195
8015	23911
10741	26637
6550	22446
7575	23471
10625	26521
6527	22423
6295	22191
6357	22253
10621	26517
6444	22340
8524	24420
8037	23933
8117	24013
6836	22732
11034	26930
7465	23361
10919	26815
10127	26023
7088	22984
8210	24106
7035	22931
10373	26269
7713	23609
6372	22268
7635	23531
7794	23690
9986	25882
10992	26888
9715	25611
8915	24811
8303	24199
10393	26289
10517	26413
7536	23432
9807	25703
8993	24889
10160	26056
9104	25000
10793	26689
6601	22497
9287	25183
7565	23461
9091	24987
7264	23160
8835	24731
6794	22690
9277	25173
10374	26270
10539	26435
6867	22763
8330	24226
6287	22183
10074	25970
6534	22430
10983	26879
7475	23371
10436	26332
10578	26474
10913	26809
7176	23072
6147	22043
9362	25258
8603	24499
9076	24972
7754	23650
9769	25665
10993	26889
10186	26082
10000	25896
10643	26539
8624	24520
7301	23197
7259	23155
8694	24590
9444	25340
10091	25987
10815	26711
10220	26116
6561	22457
7333	23229
10594	26490
9077	24973
7841	23737
7291	23187
6422	22318
10570	26466
9088	24984
7040	22936
8167	24063
6572	22468
8832	24728
8306	24202
7292	23188
6901	22797
7114	23010
7192	23088
7402	23298
9814	25710
10440	26336
7441	23337
7459	23355
7047	22943
8780	24676
6802	22698
6541	22437
6337	22233
8401	24297
6578	22474
8111	24007
8938	24834
9569	25465
7521	23417
10636	26532
6709	22605
9702	25598
7836	23732
8509	26456
10779	26675
8255	24151
8710	24606
8417	24313
9181	25077
9749	25645
8872	24768
9651	25547
10831	26727
9713	25609
8345	24241
9395	25291
8917	24813
7885	23781
7963	23859
8034	23930
7509	23405
9595	25491
8898	24794
10761	26657
6142	22038
6773	22669
10772	26668
7719	23615
6054	21950
9644	25540
8445	24341
8967	24863
8435	24331
7283	23179
8924	24820
8154	24050
8582	24478
9905	25801
8805	24701
10506	26402
10846	26742
10313	26209
8980	24876
6035	21931
8350	24246
8438	24334
9648	25544
8670	24566
8323	24219
6384	22280
8478	24374
10352	26248
9655	25551
7892	23788
8811	24707
9071	24967
10014	25910
10817	26713
10861	26757
6537	22433
10777	26673
7447	23343
7230	23126
6698	22594
6240	22136
7518	23414
6389	22285
6935	22831
10606	26502
6334	22230
7235	23131
6795	22691
10646	26542
7658	23554
10332	26228
7299	23195
6564	22460
8155	24051
9366	25262
8844	24740
8588	24484
10491	26387
10070	25966
7703	23599
9844	25740
7682	23578
7913	23809
7014	22910
6843	22739
8990	24886
7782	23678
7896	23792
8176	24072
6998	22894
7980	23876
8705	24601
9290	25186
8275	24171
6205	22101
10824	26720
5994	21890
7337	23233
6707	22603
6679	22575
6322	22218
7049	22945
9758	25654
10842	26738
7109	23005
6464	22360
10799	26695
7768	23664
9344	25240
9762	25658
8520	24416
8237	24133
7638	23534
10681	26577
6200	22096
7125	26364
10307	26203
8606	24502
7907	23803
7870	23766
6571	22467
6269	22165
6356	22252
7159	23055
7427	23323
9429	25325
6153	22049
9764	25660
6847	22743
10004	25900
9549	25445
9499	25395
9142	25038
9152	25048
10987	26883
10543	26439
7022	22918
8778	24674
7466	23362
6632	22528
7943	23839
10519	26415
10475	26371
6636	22532
7604	23500
6039	25835
10666	26562
10413	26309
7497	23393
9830	25726
10804	26700
7842	23738
10524	26420
7135	23031
9019	24915
6497	22393
10510	26406
6361	22257
10628	26524
8786	24682
8932	24828
6496	22392
6774	22670
8132	26517
6788	22684
8378	24274
6429	22325
6348	22244
9012	24908
8649	24545
9859	25755
7880	23776
6329	22225
7538	23434
7394	23290
10330	26226
9819	25715
9592	25488
9611	25507
10850	26746
8573	24469
10874	26770
7722	23618
6374	22270
10363	26259
10774	26670
7089	22985
9109	25005
6853	22749
6686	22582
8408	24304
11021	26917
6904	22800
6758	22654
10894	26790
9877	25773
10614	26510
9588	26818
9074	24970
7440	23336
7714	23610
9857	25753
6445	22341
10190	26086
9102	24998
6252	22148
9466	25362
7516	23412
6927	22823
10794	26690
7831	23727
8957	24853
10574	26470
10161	26057
7726	23622
8381	24277
10735	26631
10518	26414
6952	22848
8490	24386
7741	23637
10379	26275
6020	21916
6674	22570
8536	24432
10426	26322
6001	21897
8397	24293
9035	24931
9553	25449
8943	24839
10305	26201
9314	25210
10571	26467
9131	25027
10359	26255
8226	24122
9579	25475
7618	23514
6723	22619
8554	24450
8537	24433
9959	25855
10412	26308
10191	26087
6218	22114
10252	26148
7887	23783
6634	22530
9943	25839
7845	23741
6349	22245
7607	23503
10126	26022
7818	23714
10827	26723
9564	25460
6955	22851
6619	22515
6173	22069
10051	25947
7471	23367
10370	26266
8095	23991
9176	25072
8464	24360
7637	23533
6271	22167
10823	26719
10795	26691
8182	26925
7813	23709
10548	26444
8437	24333
9674	25570
6024	22785
10183	26079
6542	22438
7128	23024
9497	25393
8088	23984
9420	25316
7775	23671
9262	25158
9447	25343
8064	23960
7679	23575
8633	24529
10270	26166
8620	24516
7012	22908
6665	22561
7146	23042
10551	26447
10677	26573
7927	23823
9018	24914
7640	23536
6647	22543
10902	26798
6567	22463
8467	24363
8386	24282
9114	25010
7989	23885
10309	26205
8332	24228
8232	24128
8197	24093
9437	25333
6420	22316
7499	23395
6116	22012
6846	22742
10596	26492
10760	26656
8462	24358
6415	22311
7672	23568
9003	24899
10217	26113
7897	23793
7678	23574
6933	22829
7601	23497
8428	24324
8007	23903
6704	22600
6627	22523
10576	26472
6133	22029
9906	25802
9697	25593
9907	25803
9367	25263
9129	25025
8744	24640
10644	26540
8351	24247
6016	21912
10124	26020
10952	26848
10870	26766
10622	26518
8889	24824
8263	24159
8828	24724
6546	22442
9687	25583
7132	23028
8398	24294
10853	26749
10668	26564
7570	23466
8998	24894
7414	23310
7349	23245
6670	22566
8952	24848
10560	26456
6888	22784
9815	25711
7140	23036
10448	26344
9496	25392
9673	25569
8343	24239
7001	22897
9537	25433
7550	23446
7912	23808
7265	23161
6864	22760
6390	22286
6103	21999
8046	23942
9837	25733
7689	23585
6438	22334
7289	23185
7015	22911
8683	24579
10465	26361
7055	22951
10189	26085
6939	22835
8632	24528
10925	26821
7716	23612
6450	22346
8775	24671
10965	26861
8356	24252
10657	26553
10285	26181
7385	23281
6011	21907
9474	25370
10754	26650
6089	21985
6719	22615
9041	24937
10450	26346
8831	24727
8992	24888
9198	25094
5998	21894
7462	23358
9155	25051
9961	25857
6112	22008
6247	22143
8248	24144
10080	25976
7730	23626
7973	23869
9328	25224
6263	22159
9689	25585
7070	22966
9863	25759
8546	24442
9960	25856
11010	26906
6266	22162
7461	23357
7315	23211
7312	23208
9325	25221
6946	22842
6757	22653
8042	23938
7955	23851
11036	26932
10513	26409
7363	23259
6891	22787
8880	24776
9811	25707
6408	22304
10378	26274
9688	25584
8772	24668
10318	26214
6095	21991
9318	25214
9720	25616
8916	24812
9530	25426
10933	26829
6858	22754
9556	25452
10498	26394
10759	26655
10692	26588
9622	25518
10325	26221
10592	26488
6061	21957
8822	24718
9083	24979
9101	24997
9641	25537
8613	24509
10358	26254
7272	23168
6937	22833
6499	22395
6042	21938
9465	25361
6176	22072
8700	24596
7455	23351
9823	25719
8912	24808
6236	22132
8602	24498
10340	26236
9372	25268
9230	25126
9057	24953
10953	26849
6662	22558
9409	25305
8054	23950
10394	26290
9128	25024
10254	26150
10485	26381
6366	22262
7718	23614
9418	25314
6070	21966
6302	22198
7067	22963
6923	22819
8499	24395
10176	26072
9473	25369
7894	23790
10107	26003
8614	24510
9062	24958
8091	23987
10849	26745
10903	26799
7152	23048
10635	26531
10586	26482
7632	23528
8084	23980
9164	25060
9525	25421
8221	24117
7937	23833
8068	23964
8061	23957
9956	25852
10964	26860
9630	25526
8177	24073
10392	26288
9064	24960
9185	25081
6009	21905
7809	23705
8826	24722
9115	25011
7805	23701
7751	23647
8636	24532
7477	23373
9021	24917
10042	25938
6845	22741
9338	25234
10250	26146
6930	22826
9479	25375
6558	22454
7501	23397
6077	21973
6275	22171
6038	21934
9321	25217
7285	23181
9237	25133
6182	22078
10194	26090
6871	22767
8579	24475
7949	23845
6110	22006
7364	23260
10884	26780
9846	25743
7248	23144
10407	26303
7807	23703
9342	25238
10980	26876
8012	23908
9258	25267
6638	22534
8038	23934
7677	23573
8848	24744
9768	25664
10946	26842
8115	24011
10433	26329
9216	25112
10748	26644
10323	26219
7508	23404
10697	26593
10210	26106
6319	22215
11037	26933
7940	23836
9197	25093
10476	26372
9646	25542
8469	24365
6832	22728
10583	26479
6752	22648
8842	24738
6956	22852
6454	22350
7573	23469
8704	24600
6047	21943
10295	26191
9385	25281
10934	26830
8840	24736
10195	26091
10533	26429
10665	26561
9260	25156
10633	26529
6739	22635
6281	22177
6505	22401
9781	25677
7858	23754
9627	25523
8146	24042
8630	24526
6908	22804
9920	25816
10917	26813
7130	23026
6907	22803
8973	24869
10489	26385
9177	25073
7783	23679
9632	25528
5997	21893
8508	24404
7325	23221
7489	23385
9217	25113
8707	24603
7776	23672
8449	24345
9788	25684
6179	22075
6228	22124
7822	23718
8762	24658
10675	26571
7122	23018
6364	22260
8434	24330
7572	23468
9215	25111
10881	26777
7823	23719
6233	22129
6538	22434
7992	23888
8005	23901
10732	26628
5993	21889
7410	23306
8648	24544
6573	22469
6741	22637
6528	22424
9895	25791
9576	25472
10385	26281
10514	26410
9596	25492
10505	26401
6742	22638
6225	22121
8789	24685
9736	25632
9449	25345
6443	22339
10961	26857
10645	26541
7180	23076
7075	22971
10942	26838
9948	25844
6131	22027
9996	25892
6833	22729
9388	25284
7362	23258
10276	26172
7560	23456
7281	23177
9931	25827
7772	23668
9893	25789
10641	26537
7723	23619
8814	24710
6886	22782
6311	22207
8452	24348
9997	25893
9123	25019
8773	24669
7643	23539
9265	25161
10545	26441
8927	24823
6413	22309
10700	26596
6610	22506
9856	25752
10047	25943
9954	25850
10451	26347
10949	26845
6193	22089
6093	21989
10067	25963
7416	23312
6117	22013
8586	24482
8161	24057
7664	23560
8753	24649
10957	26853
7166	23062
9219	25115
7697	23593
8169	24065
6767	22663
8607	24503
6941	22837
10745	26641
7350	23246
6156	22052
10226	26122
6762	22658
9695	25591
6570	22466
9378	25274
6111	22007
7515	23411
7709	23605
10863	26759
10314	26210
10473	26369
10747	26643
6968	22864
6299	22195
9541	25437
6714	22610
9972	25868
6234	22130
9068	26017
9011	24907
6778	22674
10259	26155
7795	23691
7875	23771
6984	22880
8283	24179
7606	23502
8517	24413
6245	22141
9201	25097
8277	24173
7811	23707
9307	25203
9933	25829
7369	23265
9355	25251
9903	25799
6926	22822
6178	22074
8483	24379
8404	24300
8829	24725
7563	24381
6246	22142
9276	25172
7529	23425
6513	22409
9998	25894
7544	23440
8324	24220
8080	23976
9405	25301
9952	25848
10888	26784
7848	23744
10065	25961
8966	24862
7134	23030
8881	24777
8733	24629
9006	24902
9866	25762
10319	26215
10896	26792
8184	24080
10267	26163
10932	26828
9723	25619
10958	26854
9936	25832
9207	25103
8057	23953
10649	26545
6391	22287
8910	24806
10864	26760
8294	24190
7617	23513
10335	26231
8535	24431
10235	26131
10237	26133
8172	24068
6720	22616
10076	25972
9529	25425
9827	25723
6966	22862
10484	26380
6350	22246
6029	21925
6300	22196
8558	24454
7160	23056
9584	25480
10360	26256
9661	25557
7554	23450
9805	25701
6594	22490
10479	26375
11032	26928
10926	26822
10181	26077
6837	22733
6730	22626
7054	22950
7882	23778
9108	25004
7446	23342
10627	26523
7296	23192
6430	22326
8250	24146
7982	23878
8794	24690
9841	25737
7386	23282
9186	25082
6884	22780
6790	22686
9735	25631
9561	25457
7778	23674
9459	25355
9232	25128
9288	25184
7774	23670
6056	21952
6358	22254
9279	25175
6069	21965
8797	24693
7443	23339
7915	23811
7968	23864
7957	23853
10409	26305
7318	23214
10923	26819
9623	25519
10688	26584
8972	24868
9934	25830
8188	24084
9229	25125
6814	22710
6648	22544
10739	26635
7208	23104
6915	22811
7531	23427
6352	22248
6782	22678
7987	23883
6022	21918
9236	25132
7057	22953
9941	25837
10996	26892
9970	25866
6657	23163
9143	25039
9031	24927
8834	24730
8447	24343
10071	25967
10687	26583
6726	22622
8105	24001
9639	25535
8628	24524
6972	22868
8934	24830
9865	25761
7941	23837
6532	22428
7407	23303
10131	26027
7241	23137
7523	23419
8406	24302
7317	23213
6235	22131
6745	22641
6743	22639
8807	24703
7764	23660
7173	23069
7542	23438
6254	22150
10733	26629
8968	24864
9785	25681
9047	24943
11044	26940
6737	22633
10892	26788
9244	25140
8591	24487
10656	26552
7445	23341
10354	26250
6954	22850
6493	22389
9327	25223
10218	26114
9436	25332
8658	24554
9007	24903
8097	23993
7380	23276
6547	22443
8107	24003
7835	23731
8391	24287
6526	22422
9779	25675
9147	25043
10419	26315
11004	26900
10185	26081
8125	24021
6087	21983
10529	26425
8362	24258
9249	25145
8962	24858
9563	25459
10670	26566
7351	23247
7200	23096
10381	26277
10298	26194
7706	23602
6999	22895
7944	23840
6192	22088
8181	24077
9586	25482
10003	25899
9081	24977
9084	24980
7195	23091
7864	23760
10995	26891
10198	26094
10610	26506
7074	22970
9379	25275
7346	23242
10321	26217
7667	23563
10725	26621
6459	22355
7731	23627
6230	22126
7856	23752
8433	24329
6775	22671
9079	24975
9478	25374
6838	22734
9218	25114
9319	25215
6286	22182
6032	21928
8877	24773
9519	25415
6027	21923
10239	26135
9951	25847
9678	25574
7344	23240
10743	26639
9396	25292
6305	22201
7422	23318
9565	25461
7149	23045
10604	26500
9488	25384
9151	25047
10990	26886
6979	22875
10430	26326
10981	26877
10803	26699
8031	23927
10561	26457
6600	22496
6213	22109
10608	26504
10248	26144
10956	26852
6606	22502
8569	24465
7917	23813
9140	25036
6165	22061
7269	23165
8837	24733
10682	26578
7755	23651
9333	25229
10599	26495
10807	26703
9380	25276
7799	23695
8550	24446
8784	24680
6491	22387
7246	23142
8476	24372
9742	25638
7009	22905
6691	22587
8816	24712
7328	23224
11018	26914
7039	22935
8766	24662
6360	22256
8493	24389
9677	25573
7412	23308
8830	24726
9282	25178
10897	26793
6521	22417
6028	21924
8739	24635
10639	26535
8002	23898
9835	25731
6177	22073
7095	22991
9192	25088
9161	25057
8616	24512
8231	24127
6417	22313
8541	24437
8594	24490
8944	24840
6525	22421
9725	25621
8270	24166
7889	23785
6033	21929
6075	21971
8827	24723
8346	24242
7936	23832
8833	24729
6126	22022
10875	26771
10613	26509
7225	23121
6004	21900
6809	22705
6677	22573
6796	22692
9292	25188
7411	23307
9050	24946
6171	22067
9223	25119
10443	26339
9657	25553
6976	22872
7263	23159
9480	25376
10438	26334
6593	22489
7438	23334
7025	22921
6959	22855
10556	26452
6690	22586
7145	23041
6875	22771
6658	22554
6740	22636
8991	24887
8001	23897
6906	22802
9765	25661
10075	25971
10783	26679
10836	26732
9438	25334
8761	24657
7279	23175
7415	23311
6702	22598
8689	24585
10546	26442
10941	26837
6309	22205
9189	25085
9820	25716
8800	24696
8809	24705
7676	23572
10930	26826
7904	23800
8413	26222
9686	25582
10991	26887
10334	26230
9270	25166
10300	26196
7820	23716
8157	24053
6434	22330
10463	26359
11029	26925
9169	25065
6669	22990
7209	23105
10342	26238
10494	26390
9581	25477
6919	22815
10880	26776
9097	24993
6808	22704
9264	25160
10814	26710
7081	22977
9546	25442
8482	24378
8495	24391
6518	22414
7450	23346
7267	23163
10960	26856
8600	24496
6763	22659
8426	24322
8900	24796
7011	22907
6098	21994
7908	23804
9357	25253
9566	25462
6676	22572
6476	22372
6785	22681
10873	26769
10192	26088
10456	26352
9988	25884
10587	26483
6255	22151
9487	25383
8652	24548
10483	26379
7746	23642
9308	25204
8017	23913
7576	23472
9582	25478
7016	22912
10066	25962
8599	24495
10400	26296
10043	25939
9813	25709
8545	24441
9359	25255
9106	25002
6903	22799
10464	26360
7310	23206
7030	22926
6732	22628
10716	26612
11022	26918
8395	24291
10508	26404
6885	22781
7323	23219
6918	22814
8936	24832
10564	26460
9682	25578
7124	23020
10030	25926
9281	25177
6363	22259
10986	26882
10819	26715
9315	25211
8049	23945
9404	25300
10142	26038
10008	25904
6839	22735
7881	23777
9094	24990
7655	23551
9786	25682
8474	24370
9061	24957
10117	26013
6851	22747
6229	22125
7802	23698
9200	25096
6283	22179
7222	23118
8160	24056
6628	22524
8135	24031
6492	22388
10169	26065
9618	25514
7891	23787
8854	24750
9886	25782
9004	24900
9681	25577
8129	24025
9394	25290
10203	26099
10283	26179
7532	23428
9900	25796
6791	22687
6013	21909
7627	23523
8021	23917
10104	26000
7228	23124
9969	25865
6801	22697
7378	23274
9902	25798
6239	22135
8314	24210
7798	23694
6524	22420
6315	22211
11013	26909
6924	22820
8296	24192
10852	26748
9334	25230
6418	22314
6663	22559
10344	26240
10425	26321
9251	25147
6044	21940
6856	22752
7485	23381
8861	24757
8718	24614
9354	25250
9146	25042
10678	26574
9792	25688
8593	24489
9299	25195
8029	23925
7087	25776
10144	26040
7052	22948
6109	24936
10151	26047
8945	24841
8512	24408
8553	24449
10041	25937
10297	26193
10883	26779
6121	22017
8472	24368
9816	25712
8908	24804
7494	23390
5999	21895
8855	24751
7935	23831
7851	23747
10282	26178
9015	24911
9138	25034
9424	25320
10940	26836
10231	26127
7023	22919
8251	24147
6951	22847
7816	23712
7578	23474
9966	25862
10512	26408
7469	23365
10651	26547
10025	25921
9799	25695
7588	23484
10122	26018
8543	24439
10530	26426
7890	23786
9945	25841
10098	25994
8506	24402
8170	24066
9032	24928
10855	26751
8293	24189
9914	25810
7893	23789
8067	23963
9457	25353
9403	25299
8697	24593
8178	24074
8659	24555
6899	22795
8853	24749
6912	22808
7837	23733
7271	23167
10698	26594
9896	25792
8354	24250
6108	22004
10907	26803
6598	22494
7628	23524
10053	25949
6473	22369
6759	22655
6007	21903
6377	22273
6725	22621
7029	22925
9427	25323
7854	23750
10501	26397
10154	26050
7326	23222
8820	24716
9416	25312
9511	25407
7681	23577
8457	24353
9721	25617
10020	25916
7061	22957
7211	23107
6268	22164
8604	24500
6697	23764
7139	23035
7666	23562
8044	23940
10921	26817
8141	24037
10634	26530
10113	26009
9273	25169
10764	26660
6290	22186
7142	23776
9205	25101
11000	26896
8719	24615
8108	24004
6253	22149
10970	26866
10734	26630
6983	22879
7418	23314
8955	24851
9280	25176
6764	22660
7065	22961
10453	26349
8647	24543
7430	23326
8836	24732
10997	26893
6291	22187
10356	26252
8929	24825
9373	25269
8706	24602
7406	23302
9707	25603
7158	23054
10086	25982
9259	25155
8481	24377
8104	24000
6753	22649
10382	26278
10658	26554
7939	23835
6660	22556
8791	24687
10365	26261
9692	25588
7371	23267
6128	22024
6681	22577
8552	24448
8069	23965
9477	25373
8195	24091
7569	23465
7921	23817
6113	22009
7042	22938
10032	25928
6607	22503
9797	25693
9053	24949
8070	23966
8444	24340
6037	21933
9124	25020
9132	25028
8466	24362
8721	24617
7078	22974
7138	23034
6797	22693
7690	23586
8087	23983
9987	25883
9125	25021
6208	22104
8617	24513
7513	23409
10969	26865
7010	22906
10619	26515
7680	23576
7006	22902
9090	24986
6479	22375
8887	24783
9363	25259
7099	22995
6457	22353
10879	26775
7383	23279
7654	23550
10093	25989
8186	24082
10110	26006
9422	25318
7201	23097
7646	23542
8987	24883
8099	23995
7694	23590
7203	23099
6529	22425
9714	25610
8165	24061
7004	22900
10825	26721
6157	22053
10029	25925
7721	23617
10525	26421
6768	22664
7752	23648
6323	22219
8981	24877
7187	23083
6749	22645
8419	24315
7817	23713
8564	24460
8173	24069
10402	26298
6114	22010
8686	24582
6378	22274
10034	25930
6267	22163
7100	22996
6893	22789
6944	22840
10215	26111
9408	25304
10531	26427
6188	22084
7083	22979
7189	23085
9671	25567
6779	22675
6699	22595
7442	23338
8698	24594
8130	24026
9048	24944
9562	25458
7564	23460
9757	25653
7860	23756
6733	22629
10797	26693
6212	22108
8078	23974
7984	23880
9543	25439
8567	24463
7293	23189
10577	26473
9726	25622
6050	21946
8708	24604
7869	23765
6597	22493
6508	22404
9042	24938
6696	22592
8734	24630
6806	25537
7282	23178
9256	25152
6978	22874
7202	23098
6238	22134
6150	22046
10084	25980
10928	26824
9719	25615
8211	24107
9843	25739
9650	25546
10736	26632
11015	26911
10822	26718
9322	25218
9778	25674
7367	23263
7916	23812
8983	24879
9590	25486
6031	21927
10279	26175
10128	26024
7931	23827
7044	22940
6854	22750
6259	22155
9300	25196
6615	22511
6210	22106
7843	25421
10891	26787
6172	22068
7645	23541
8334	24230
8637	24533
7339	23235
7773	23669
8048	23944
7464	23360
6082	21978
10341	26237
7793	23689
9981	25877
9738	25634
6605	22501
7123	23019
9732	25628
8414	24310
8815	24711
10756	26652
10174	26070
8119	24015
8963	24859
9849	25745
10495	26391
9112	25008
7737	23633
8720	24616
6760	22656
7594	23490
10033	25929
8631	24527
8587	24483
8638	24534
9029	24925
7094	22990
6211	22107
10138	26034
7467	23363
8093	23989
6105	22001
7086	22982
6078	21974
8821	24717
9664	25560
9049	24945
9464	25360
6145	22041
6285	22181
9858	25754
8726	24622
8405	24301
8771	24667
8502	24398
6333	22229
7812	23708
7119	23015
10143	26039
10648	26544
8159	24055
8393	24289
6812	22708
8754	24650
6368	22264
9017	24913
8725	24621
6495	22391
10228	26124
9980	25876
11033	26929
7199	23095
8316	24212
8162	24058
7221	23117
9669	25565
8907	24803
6256	22152
9921	25817
10766	26662
10219	26115
6086	21982
6452	22348
10689	26585
9127	25023
9463	25359
7347	23243
10541	26437
9550	25446
8660	24556
6865	22761
10830	26726
6589	22485
6536	22432
8819	24715
6152	22048
8475	24371
7861	23757
8796	24692
6400	22296
7545	23441
7481	23377
10060	25956
8544	24440
9772	25668
8668	24564
8930	24826
6344	22240
8767	24663
10500	26396
10200	26096
10179	26075
6804	22700
8940	24836
8539	24435
9027	24923
9698	25594
6292	22188
8311	24207
10962	26858
10763	26659
10139	26035
9435	25331
6640	22536
9766	25662
6520	22416
8623	24519
6072	21968
8339	24235
8783	24679
10769	26665
7084	22980
10565	26461
7734	23630
6470	22366
10581	26477
9371	25267
6123	22019
7884	23780
9548	25444
6164	22060
7674	23570
8480	24376
7336	23232
10039	25935
6159	22055
8023	23919
10302	26198
10775	26671
7370	23266
8455	24351
10955	26851
11012	26908
10331	26227
9864	25760
6486	22382
7005	26128
6639	22535
8118	24014
10046	25942
10293	26189
9885	25781
10790	26686
8777	24673
6965	22861
8040	23936
10667	26563
9603	25499
6582	22478
10947	26843
8050	23946
10387	26283
6340	22236
6132	22028
6137	22033
10954	26850
7581	23477
6090	21986
11024	26920
7082	22978
9947	25843
9343	25239
10303	26199
9977	25873
6654	22550
9520	25416
7013	22909
10876	26772
9606	25502
7204	23100
8112	24008
7113	23009
6456	22352
8977	24873
10691	26587
10315	26211
9527	25423
9839	25735
9558	25454
7895	23791
10311	26207
8879	24775
8122	24018
9700	25596
9360	25256
8523	24419
8446	24342
9122	25018
9033	24929
10938	26834
7365	23261
9291	25187
9160	25056
6771	22667
10507	26403
10847	26743
10802	26698
10950	26846
6091	21987
9085	24981
7698	23594
10493	26389
9337	25233
7164	23060
6738	22634
8013	23909
6986	22882
7382	23278
10945	26841
8470	24366
7610	23506
7313	23209
6411	22307
11023	26919
10005	25901
8491	24387
8486	24382
9593	25489
6383	22279
10106	26002
6780	22676
8790	24686
8779	24675
10061	25957
9271	25167
10214	26110
8557	24453
10982	26878
9382	25278
8338	24234
10540	26436
9711	25607
9610	25506
7806	23702
8308	24204
7814	23710
9890	25786
8403	24299
7172	23068
7883	23779
6712	22608
9767	25663
6336	22232
6243	22139
9995	25891
10172	26068
7942	23838
8625	24521
10090	25986
6351	22247
6163	22059
7846	23742
9917	25813
10542	26438
6798	22694
7439	23335
10367	26263
10521	26417
9368	25264
7577	23473
9254	25150
9782	25678
9560	25456
10199	26095
6755	22651
8883	24779
10549	26445
7275	23171
7771	23667
7314	23210
7728	23624
8138	24034
9241	25137
6370	22266
10150	26046
8450	24346
8748	24644
7732	23628
7205	23101
6304	22200
8813	24709
7436	23332
6151	22047
10690	26586
6250	22146
8489	24385
6220	22116
7102	22998
7148	23044
9285	25181
7914	23810
7669	23565
8120	24016
10364	26260
8571	24467
8641	24537
9426	25322
9567	25463
7634	23530
8533	24429
9923	25819
9812	25708
6381	22277
9002	24898
7018	22914
6273	22169
9587	25483
8424	24320
6829	22725
10328	26224
7053	22949
6297	22193
9974	25870
9193	25089
10445	26341
7965	23861
7479	23375
7216	23112
6288	22184
6485	22381
7220	23116
7424	23320
9070	24966
10388	26284
6920	22816
8501	24397
10324	26220
10263	26159
8372	24268
6857	22753
9989	25885
8353	24249
9978	25874
7245	23141
7250	23146
7303	23199
9967	25863
8151	24047
6158	22054
9269	25165
7358	23254
8431	24327
10087	25983
10031	25927
9705	25601
7649	23545
8818	24714
11038	26934
9949	25845
10478	26374
7600	23496
8376	24272
7163	23059
7905	23801
10178	26074
10088	25984
6227	22123
7308	23204
7060	22956
9393	25289
6034	21930
7603	23499
8741	24637
8519	24415
6910	22806
8060	23956
9266	25162
9332	25228
7961	23857
8671	24567
7639	23535
9484	25380
6892	22788
6433	22329
10121	26017
6403	22299
6655	22551
6810	22706
10671	26567
7334	23230
9670	25566
11020	26916
7425	23321
8430	24326
10153	26049
8072	23968
10837	26733
6262	22158
7355	23251
9616	25512
9935	25831
10069	25965
10072	25968
9121	25017
6189	22085
6849	22745
6556	22452
7327	23223
6672	22568
9383	25279
8622	24518
9235	25131
10579	26475
7614	23510
10834	26730
8665	24561
10230	26126
6576	22472
7872	23768
6194	22090
6404	22300
8262	24158
8865	25023
9826	25722
8676	24572
6934	22830
9387	25283
10705	26601
7586	23482
7759	23655
7384	23280
7548	23444
11017	26913
10975	26871
7850	23746
8702	24598
8714	24610
8058	23954
10405	26301
9451	25347
9324	25220
8785	24681
10115	26011
10238	26134
6071	21967
10329	26225
6988	22884
10196	26092
9654	25550
8500	24396
8288	24184
7656	23552
10787	26683
6100	22626
10287	26183
9245	25141
9386	25282
10023	25919
11008	26904
9653	25549
9874	25770
9191	25087
8075	23971
10895	26791
7321	23217
7624	23520
6874	22770
9105	25001
9801	25697
6168	22064
8687	24583
7552	23448
8223	24119
8032	23928
7232	23128
9829	25725
7116	23012
10288	26184
7120	23016
10166	26062
6410	22306
10079	25975
7357	23253
7584	23480
9118	25014
6080	21976
7335	23231
9044	24940
6012	21908
9973	25869
10786	26682
9130	25026
10289	26185
8634	24530
7750	23646
8740	24636
10417	26313
8563	24459
6421	22317
8235	24131
8860	24756
8326	24222
7502	23398
9490	25386
8342	24238
8953	24849
10040	25936
8171	24067
9242	25138
8618	24514
7404	23300
8597	24493
6938	22834
8792	24688
10869	26765
10973	26869
10737	26633
9415	25311
7566	23462
7769	23665
6631	22527
8727	24623
11039	26935
6650	22546
8409	24305
6844	22740
7452	23348
7341	23237
10878	26774
9493	25389
6909	22805
6289	22185
9897	25793
6614	22510
7824	23720
10135	26031
6747	22643
6928	22824
8928	24824
7659	23555
7826	23722
9302	25198
10377	26273
7417	23313
9990	25886
6548	22444
7377	23273
7182	23078
6715	22611
6544	22440
9637	25533
9597	25493
8515	24411
7748	23644
10188	26084
8838	24734
7615	23511
10832	26728
10262	26158
8358	24254
8370	24266
7747	23643
9159	25055
7169	23065
9817	25713
6325	22221
9199	25095
7219	23115
10182	26078
7862	23758
6362	22258
10116	26012
9708	25604
9840	25736
10683	26579
7478	23374
8619	24515
9456	25352
8267	24163
10017	25913
9709	25605
9851	25747
7784	23680
9401	25297
9446	25342
6166	22062
7705	23601
6298	22194
8361	24257
8494	24390
9753	25649
7224	23120
10929	26825
8601	24497
7522	23418
6125	22021
6059	21955
7153	23049
6419	22315
6467	22363
10021	25917
8542	24438
6554	22450
10796	26692
6277	22173
9149	25045
6970	22866
10068	25964
7376	23272
8653	24549
9016	24912
8228	24124
7901	23797
6834	22730
8319	24215
8399	24295
10504	26400
6326	22222
7977	23873
9195	25091
8284	24180
9154	25050
6424	22320
8193	24089
9619	25515
6667	22563
8387	24283
10141	26037
10601	26497
9663	25559
7401	23297
10901	26797
7409	23305
9482	25378
8217	24113
10562	26458
8192	24088
8584	24480
7688	23584
6425	22321
7847	23743
8717	24613
7032	22928
8290	24186
6338	22234
9470	25366
9165	25061
10685	26581
5996	21892
7724	23620
6441	22337
9397	25293
6221	22117
9248	25144
9221	25117
10105	26001
8997	24893
7526	23422
6805	22701
8144	24040
7212	23108
9755	25651
8964	24860
7704	23600
9345	25241
7951	23847
10439	26335
8525	24421
7735	23631
7625	23521
11002	26898
7151	23047
6823	22719
7757	23653
7997	23893
6562	22458
9309	25205
7975	23871
10432	26328
7562	23458
9716	25612
8711	24607
9313	25209
8825	24721
6817	22713
10616	26512
9904	25800
6993	22889
10261	26157
7290	23186
9352	25248
9744	25640
9508	25404
7085	22981
8538	24434
8127	24023
6626	22522
6328	22224
6448	22344
6584	22480
10056	25952
10989	26885
7938	23834
10156	26052
8147	24043
7619	23515
11006	26902
9703	25599
7760	23656
10729	26625
8471	24367
9213	25109
7959	23855
7599	23495
9509	25405
6500	22396
7162	23058
7777	23673
9391	25287
9425	25321
10867	26763
8925	24821
7056	22952
10338	26234
7924	23820
9690	25586
10523	26419
7305	23201
8218	24114
9536	25432
7878	23774
9475	25371
6074	21970
10349	26245
6104	22000
8948	24844
8148	24044
8220	24116
9351	25247
9763	25659
10749	26645
9832	25728
6962	22858
8663	24559
10011	25907
9030	24926
6461	22357
10730	26626
8769	24665
7684	23580
10410	26306
10782	26678
8576	24472
8030	23926
6026	21922
8914	24810
7133	23029
7711	23607
7428	23324
7136	23032
8415	24311
8371	24267
6821	22717
8390	24286
10751	26647
9376	25272
8281	24177
6237	22133
7405	23301
7660	23556
9950	25846
8222	24118
7540	23436
9025	24921
10055	25951
7668	23564
9613	25509
8158	24054
9628	25524
10862	26758
7867	23763
10112	26008
8577	24473
6442	22338
7206	23102
8307	24203
9095	24991
8260	24156
7853	23749
9468	25364
8548	24444
7396	23292
7952	23848
9103	24999
8866	24762
7179	23075
9833	25729
7549	23445
10274	26170
10718	26614
11035	26931
6689	22585
7983	23879
9991	25887
7361	23257
10800	26696
9675	25571
7254	23150
6786	22682
6560	22456
8566	24462
10290	26186
7348	23244
7879	23775
10368	26264
6359	22255
8849	24745
9870	25766
7193	23089
6870	22766
9040	24936
7277	23173
6106	22002
7036	22932
10013	25909
9761	25657
6969	22865
6895	22791
7503	23399
8369	24265
8942	24838
6841	22737
7165	23061
6478	22374
10416	26312
10758	26654
9020	24916
9005	24901
8322	24218
6509	22405
8355	24251
10149	26045
7651	23547
6453	22349
9442	25338
10168	26064
9602	25498
7472	23368
9734	25630
8382	24278
10345	26241
9652	25548
8215	24111
7398	23294
8764	24660
7663	23559
10826	26722
7306	23202
9526	25422
9212	25108
10266	26162
7642	23538
9962	25858
8348	24244
9860	25756
6565	22461
10227	26123
9983	25879
10376	26272
9555	25451
9301	25197
10652	26548
6341	22237
8946	24842
7524	23420
8009	23905
9699	25595
6824	22720
8043	23939
8999	24895
7994	23890
10242	26138
6242	22138
8852	24748
10133	26029
9203	25099
9075	24971
6902	22798
8598	24494
6002	21898
8724	24620
6581	22477
7112	23008
8240	24136
6063	21959
6633	22529
9605	25501
10536	26432
7830	23726
7002	24786
6645	22541
6371	22267
7491	23387
9289	25185
10216	26112
6592	22488
7309	23205
6274	22170
8312	24208
8224	24120
6549	22445
6682	22578
8010	23906
7183	23079
7744	23640
6653	22549
9445	25341
9691	25587
10054	25950
9717	25613
10277	26173
6603	22499
7571	23467
6226	22122
10347	26243
6552	22448
7101	22997
8875	24771
6727	22623
8454	24350
7715	23611
9370	25266
11019	26915
9634	25530
9439	25335
9552	25448
8765	24661
6365	22261
8003	23899
6223	22119
7808	23704
8425	24321
8681	24577
6373	22269
6416	22312
7300	23196
7900	23796
10164	26060
9750	25646
10211	26107
8884	24780
6932	22828
7190	23086
6307	22203
10414	26310
8052	23948
7910	23999
6943	22839
9918	25814
7143	23039
6427	22323
7150	23046
9283	25179
7500	23396
11043	26939
6474	22370
6861	22757
10722	26618
6414	22310
6317	22213
9150	25046
6204	22100
8219	24115
10049	25945
10911	26807
10085	25981
8547	24443
9073	24969
9450	25346
7964	23860
8360	24256
6555	22451
10204	26100
6428	22324
9599	25495
10843	26739
9668	25564
8911	24807
7517	24139
9460	25356
6781	22677
8086	23982
10840	26736
9208	25104
10268	26164
6487	22383
10918	26814
6693	22589
9231	25127
10660	26556
8715	24611
6769	22665
7256	23152
10555	26451
9889	25785
6519	22415
8864	24760
8688	24584
10569	26465
9783	25679
6872	22768
8530	24426
8736	24632
6184	22080
8185	24081
10458	26354
8241	24137
6160	22056
9467	25363
7874	23770
8259	24155
9722	25618
10828	26724
7740	23636
9821	25717
7739	23635
9331	25227
10258	26154
7770	23666
7543	23439
8180	24076
10591	26487
8320	24216
10460	26356
6399	22295
6673	22569
7330	23226
10101	25997
7595	23491
10661	26557
10146	26042
10738	26634
11007	26903
6203	22099
8264	24528
8857	24753
9250	25146
10472	26368
6124	22020
6811	22707
8020	23916
10909	26805
8949	24845
10905	26801
6545	22441
8377	24273
8605	24501
9908	25869
8918	24814
7375	23271
10845	26741
10468	26364
7979	23875
9458	25354
10026	25922
6995	22891
9483	25379
6852	22748
9374	25270
7589	23485
10081	25977
7547	23443
8274	24170
6097	21993
10654	26550
7276	23172
6015	21911
6815	22711
9898	25794
7558	23454
7626	23522
8365	24261
9492	25388
9485	25381
10118	26014
9210	25106
7368	23264
6523	22419
10768	26664
7796	23692
8592	24488
6949	22845
7126	23022
8549	24445
6120	22016
10673	26569
9226	25122
10353	26249
6102	21998
10767	26663
9808	25704
9571	25467
10908	26804
8644	24540
7990	23886
7886	23782
10233	26129
7487	23383
10686	26582
6507	22403
7426	23322
10102	25998
6488	22384
6575	22471
9065	24961
8442	24338
7103	22999
8400	24296
8460	24356
10537	26433
8956	24852
10437	26333
8230	24126
10234	26130
10083	25979
8937	24833
10269	26165
8583	24479
10972	26868
8407	24303
8136	24032
8082	23978
6568	22464
9410	25306
8019	23915
9013	24909
9330	25226
8213	24109
8272	24168
6099	21995
7839	23735
7460	23356
7612	23508
10496	26392
10346	26242
7641	23537
7821	23717
10152	26048
6629	22525
10064	25960
8923	24819
7157	23053
9255	25151
6989	22885
6659	22555
8731	24627
6324	22220
7098	22994
11005	26901
7700	23596
6170	22066
6294	22190
6280	22176
11003	26899
8768	24664
10308	26204
10010	25906
7331	23227
9502	25398
8639	24535
10559	26455
6992	22888
10719	26615
8522	24418
9930	25826
8871	24767
7899	23795
10096	25992
8199	24095
6301	22197
10320	26216
8126	24022
9471	25367
6551	22447
7343	23239
8331	24227
8732	24628
7592	23488
6451	22347
10058	25954
7587	23483
9718	25614
6947	22843
6375	22271
6710	22606
6701	22597
8947	24843
7435	23331
6776	22672
10477	26373
8152	24048
10383	26279
10893	26789
10575	26471
7535	23431
8156	24052
8738	24634
9432	25328
8799	24695
7967	25366
8890	24786
7597	23493
10944	26840
9312	25208
9521	25417
9789	25685
7948	23844
8774	24670
6284	22180
7736	23632
8142	24038
10706	26602
10470	26366
8209	24105
8498	24394
6010	21906
10187	26083
8521	24417
9323	25219
8094	23990
10396	26292
6803	22699
6107	22003
10811	26707
7922	23818
10348	26244
8273	24169
6017	21913
10245	26141
10547	26443
9356	25252
10655	26551
7311	23207
6512	22408
8763	24659
9825	25721
6183	22079
6688	22584
8448	24344
6369	22265
7007	22903
8747	24643
7708	23604
7956	23852
9174	25070
8123	24019
8278	24174
10808	26704
9001	24897
9759	25655
6675	22571
7583	23479
6750	22646
8451	24347
9455	25351
10567	26463
7702	23598
6045	21941
9946	25842
8357	24253
10566	26462
9696	25592
10778	26674
8870	24766
10389	26285
10119	26015
9178	25074
9636	25532
8585	24481
10809	26705
7420	23316
7238	23134
10469	26365
7097	22993
9915	25811
8984	24880
10629	26525
7903	23799
7041	22937
8823	24719
10369	26265
10078	25974
7031	22927
10890	26786
8850	24746
9167	25063
9887	25783
7683	23579
8453	24349
7068	22964
8187	24083
10001	25897
8266	24162
8422	24318
9635	25531
9881	25777
6608	22504
10750	26646
10785	26681
8194	24090
7868	23764
10792	26688
6052	21948
7685	23581
10275	26171
8289	24185
7217	23113
7194	23090
7484	23380
8510	24406
8843	24739
10212	26108
6088	21984
9317	25213
10257	26153
6996	22892
6138	22034
6879	22775
8626	24522
6772	22668
7274	23170
9158	25054
10520	26416
7286	23182
9022	24918
6312	22208
7257	23153
10936	26832
9731	25627
10256	26152
6616	22512
8388	24284
10740	26636
6136	22032
8100	23996
6784	22680
10209	26105
7525	23421
9551	25447
6917	22813
9505	25401
8337	24233
9570	25466
8570	24466
7530	23426
7792	23688
6214	22110
9909	25805
8979	24875
6094	21990
10978	26874
6231	22127
6409	22305
8951	24847
8229	24125
10291	26187
8102	23998
10598	26494
6458	22354
9892	25788
9847	25743
8960	24856
10788	26684
10765	26661
6447	22343
10659	26555
8673	24569
6889	22785
10007	25903
9834	25730
8758	24654
9078	24974
10129	26025
8679	24575
10442	26338
8121	24017
7981	23877
10278	26174
7019	22915
9443	25339
9340	25236
7050	22946
6353	22249
7753	23649
7574	23470
6406	22302
6621	22517
6553	22449
7468	23364
10336	26232
8965	24861
7214	23110
9791	25687
8868	24764
8846	24742
6668	22564
10798	26694
10647	26543
7662	23558
6873	22769
10399	26295
10572	26468
7434	23330
10301	26197
10951	26847
9481	25377
9066	24962
8788	24684
8675	24571
6566	22462
8000	23896
8412	24308
8004	23900
6975	22871
6393	22289
6258	23810
9631	25527
9534	25430
9134	25030
6331	22227
8073	23969
8904	24985
10229	26125
10791	26687
9206	25102
8318	24214
8225	24121
7240	23136
6981	22877
8364	24260
8139	24035
10502	26398
8011	23907
8349	24245
8909	24805
7064	22960
10099	25995
6685	22581
10753	26649
7239	23135
6222	22118
9878	25774
9899	25795
8511	24407
8611	24507
8581	24477
7546	23442
6471	22367
7397	23293
8752	24648
6207	22103
6789	22685
8335	24231
9672	25568
8971	24867
6385	22281
8443	24339
8200	24096
9504	25400
7141	23037
8359	24255
7297	23193
10094	25990
7260	23156
10746	26642
10744	26640
7287	23183
6656	22552
6316	22212
6465	22361
9979	25875
9620	25516
8565	24461
9828	25724
8933	24829
8321	24217
6963	22859
8817	24713
9268	25164
10963	26859
9054	24950
10988	26884
7712	23608
9927	25823
6469	22365
7510	23406
10366	26262
10452	26348
7231	23127
8869	24765
6950	22846
7958	23854
6041	21937
8295	24191
9776	25672
8280	24176
10885	26781
7906	23802
7448	23344
6101	21997
9876	25772
6623	22519
6025	21921
6958	22854
7197	23093
10805	26701
8456	24352
8982	24878
6980	22876
9454	25350
8429	24325
11014	26910
10816	26712
7253	23149
9099	24995
8568	24464
6716	22612
6646	22542
7342	23238
10351	26247
9413	25309
7233	23129
7457	23353
7389	23285
7999	23895
7871	23767
9381	25277
7366	23262
10860	26756
10310	26206
9304	25200
10137	26033
6684	22580
10509	26405
7991	23887
10292	26188
10899	26795
9350	25246
6343	22239
8385	24281
8325	24221
7616	23512
6437	22333
6003	21899
10605	26501
7170	23066
7555	23451
8672	24568
9294	25190
8885	24781
8244	24140
10355	26251
9894	25790
10492	26388
10361	26257
6085	21981
9392	25288
8892	24788
7400	23296
6386	22282
6216	22112
9247	25143
8561	24457
8166	24062
7800	23696
10482	26378
9683	25579
7946	23842
8935	24831
7725	23621
11025	26921
8485	24381
6392	22288
8627	24523
6997	23700
9252	25148
10251	26147
6649	22545
8150	24046
10742	26638
7073	24321
8662	24558
6643	22539
6079	21975
9600	25496
9423	25319
8298	24194
10871	26767
7537	23433
8795	24691
10557	26453
9503	25399
9346	25242
6122	22018
9926	25822
7969	23865
8716	24612
10558	26454
6477	22373
6916	22812
9348	25244
9421	25317
10762	26658
7717	23613
7213	23109
10672	26568
7533	23429
9777	25673
10312	26208
9629	25525
6982	22878
9578	25474
10202	26098
7062	22958
9303	25199
7745	23641
8574	24470
9594	25490
8384	24280
8678	24574
9188	25084
8066	23962
10428	26324
9117	25013
9275	25171
9912	25808
10045	25941
6466	22362
10326	26222
10481	26377
10422	26318
9940	25836
8496	24392
10024	25920
9353	25249
6835	22731
6376	22272
9676	25572
10180	26076
9862	25758
11040	26936
10534	26430
8862	24758
10037	25933
9284	25180
10018	25914
10111	26007
8669	24565
10224	26120
7079	22975
7919	23815
9052	24948
9433	25329
10724	26620
7184	23080
8411	24307
7003	22899
7976	23872
6472	22368
7063	22959
6185	22081
7437	23333
10727	26623
10467	26363
10984	26880
7069	22965
8300	24196
10265	26161
7945	23841
9000	24896
10717	26613
6346	22242
10488	26384
10806	26702
8276	24172
6800	22696
6327	22223
9831	25727
8373	24269
6396	22292
10812	26708
9469	25365
8696	24592
8903	24799
9023	24919
7693	23589
8026	23922
9701	25597
9929	25825
7374	23270
10170	26066
10206	26102
10720	26616
9694	25590
7582	23478
7738	23634
8939	24835
6539	22435
9924	25820
6591	22487
10701	26597
8560	24456
9624	25520
10163	26059
10421	26317
7857	23753
8253	24149
7229	23125
8756	24652
6483	22379
7918	23814
8703	24599
