10433	26329
10429	26325
5991	21887
6002	21898
6012	21908
5990	21886
6073	21969
6147	22043
6034	21930
6063	21959
6052	21948
10427	26323
6000	21896
6067	21963
6026	21922
6004	21900
5999	21895
10605	26501
6011	21907
6015	21911
6069	21965
10437	26333
6010	21906
6047	21943
6074	21970
6095	21991
6022	21918
9272	25168
6061	21957
6138	22034
6641	22537
6030	21926
5998	21894
6060	21956
10426	26322
6108	22004
6009	21905
10443	26339
6036	21932
6171	22067
10434	26330
6128	22024
10440	26336
6125	22021
6044	21940
6040	21936
6874	22770
6072	21968
10435	26331
6240	22136
6203	22099
6098	21994
6461	22357
6210	22106
6556	22452
5994	21890
10430	26326
6014	21910
7187	23083
6241	22137
6031	21927
6140	22036
6702	22598
10459	26355
5995	21891
7230	23126
10670	26566
6077	21973
6116	22012
6243	22139
6208	22104
6091	21987
6129	22025
5997	21893
5989	21885
6096	21992
6834	22730
10428	26324
6228	22124
5996	21892
6017	21913
6303	22199
10508	26404
7880	23776
6051	21947
5992	21888
6033	21929
10444	26340
6111	22007
6349	22245
10466	26362
6043	21939
6121	22017
6270	22166
6120	22016
10439	26335
6497	22393
6005	21901
5993	21889
7435	23331
6008	21904
6334	22230
6115	22011
6039	25835
6146	22042
6664	22560
6214	22110
6135	22031
6086	21982
6006	21902
6085	21981
10509	26405
6253	22149
6159	22055
7105	23001
6201	22097
6078	21974
10432	26328
6059	21955
6322	22218
6127	22023
7077	22973
6020	21916
6126	22022
6285	22181
6382	22278
6089	21985
10453	26349
10531	26427
6027	21923
6042	21938
6316	22212
6112	22008
6211	22107
6418	22314
7621	23517
10565	26461
6227	22123
6119	22015
8140	24036
10465	26361
6357	22253
6166	22062
6169	22065
6045	21941
6143	22039
10490	26386
6355	22251
6344	22240
6403	22299
8887	24783
6192	22088
6297	22193
6101	21997
6268	22164
6197	22093
6466	22362
6393	22289
6084	21980
6263	22159
6433	22329
7219	23115
6224	22120
6124	22020
6165	22061
6062	21958
6016	21912
6276	22172
10463	26359
6001	21897
6469	22365
6267	22163
6333	22229
6207	22103
6019	21915
6606	22502
6737	22633
6798	22694
6282	22178
6286	22182
6301	22197
6193	22089
6324	22220
6244	22140
10464	26360
6081	21977
6384	22280
7034	22930
6611	22507
9843	25739
6206	22102
6131	22027
7204	23100
6248	22144
6156	22052
6401	22297
6281	22177
6288	22184
7610	23506
10456	26352
11037	26933
6058	21954
6215	22111
8863	24759
11025	26921
6149	22045
6335	22231
6653	22549
6491	22387
7229	23125
10438	26334
7649	23545
6223	22119
10544	26440
10510	26406
10442	26338
10447	26343
6162	22058
6252	22148
6110	22006
6870	22766
6056	21952
6311	22207
6053	21949
6560	22456
6568	22464
7210	23106
6232	22128
6549	22445
6736	22632
6007	21903
6313	22209
6682	22578
6304	22200
7739	23635
7692	23588
6092	21988
7625	23521
10573	26469
6090	21986
6083	21979
6035	21931
6831	22727
7881	23777
6233	22129
6396	22292
6107	22003
6137	22033
10591	26487
6066	21962
6148	22044
7701	23597
6265	22161
10470	26366
7112	23008
6154	22050
6277	22173
6176	22072
6905	22801
6866	22762
6013	21909
6811	22707
6024	22785
6100	22626
8027	23923
6521	22417
6292	22188
6332	22228
10534	26430
6689	22585
7100	22996
6064	21960
6209	22105
6904	22800
6145	22041
10697	26593
6372	22268
6389	22285
6082	21978
6309	22205
6142	22038
10626	26522
6532	22428
6080	21976
7438	23334
6050	21946
6900	22796
6972	22868
6959	22855
6157	22053
6530	22426
6961	22857
8986	24882
10621	26517
6761	22657
6325	22221
6289	22185
6339	22235
6071	21967
6564	22460
10706	26602
9830	25726
6525	22421
6347	22243
6523	22419
6361	22257
10451	26347
6219	22115
6474	22370
6312	22208
6496	22392
6260	22156
6269	22165
6348	22244
10529	26425
6563	22459
6374	22270
6181	22077
6178	22074
7982	23878
7874	23770
6272	22168
8586	24482
10688	26584
6548	22444
6411	22307
10492	26388
7006	22902
10541	26437
10474	26370
6368	22264
6562	22458
6838	22734
6130	22026
10513	26409
6048	21944
10476	26372
10477	26373
10499	26395
6621	22517
6003	21899
6741	22637
9277	25173
10598	26494
6350	22246
10446	26342
6674	22570
10705	26601
6402	22298
7602	23498
8166	24062
6185	22081
6177	22073
8864	24760
6225	22121
6774	22670
6450	22346
7172	23068
7202	23098
6113	22009
6093	21989
6254	22150
6644	22540
6623	22519
6360	22256
6104	22000
7037	22933
6980	22876
10472	26368
11042	26938
7451	23347
6175	22071
6452	22348
6088	21984
10707	26603
6700	22596
6273	22169
6594	22490
6275	22171
6546	22442
10511	26407
7998	23894
6182	22078
7598	23494
6877	22773
6134	22030
6032	21928
6123	22019
6284	22180
10843	26739
6132	22028
6471	22367
10461	26357
6319	22215
8460	24356
6801	22697
6251	22147
6988	22884
6038	21934
6076	21972
6440	22336
10526	26422
6892	22788
7821	23717
6202	22098
6651	22547
10774	26670
10448	26344
7837	23733
6099	21995
10507	26403
6168	22064
6087	21983
7420	23316
7035	22931
7883	23779
6406	22302
9837	25733
6188	22084
6037	21933
6366	22262
10546	26442
6511	22407
6158	22054
6274	22170
6337	22233
6670	22566
6502	22398
6340	22236
10682	26578
7302	23198
6598	22494
9832	25728
6172	22068
6690	22586
7352	23248
6398	22294
6495	22391
6117	22013
10726	26622
6170	22066
6457	22353
7146	23042
7318	23214
6583	22479
7573	23469
6608	22504
7909	23805
7238	23134
7757	23653
7572	23468
10613	26509
10886	26782
6483	22379
10488	26384
6636	22532
6740	22636
6723	22619
6569	22465
6055	21951
6391	22287
6830	22726
6632	22528
6498	22394
6957	22853
6179	22075
11043	26939
8068	23964
6536	22432
7017	22913
10494	26390
6647	22543
6968	22864
6293	22189
6633	22529
7109	23005
6363	22259
10520	26416
6715	22611
7884	23780
6509	22405
6364	22260
6097	21993
8848	24744
7117	23013
10516	26412
6279	22175
6770	22666
6278	22174
7760	23656
6516	22412
6358	22254
6118	22014
7412	23308
7429	23325
8870	24766
6478	22374
7266	23162
7177	23073
6321	22217
6742	22638
6174	22070
6757	22653
10554	26450
8016	25707
7324	23220
6191	22087
6057	25171
6205	22101
10519	26415
6595	22491
9647	25543
7237	23133
6133	22029
6765	22661
6489	22385
7486	23382
10659	26555
7192	23088
6023	21919
8028	23924
6730	22626
6590	22486
10457	26353
6068	21964
6141	22037
9063	24959
6747	22643
8849	24745
7872	23768
7157	23053
7342	23238
10890	26786
6845	22741
7664	23560
6705	22601
10615	26511
6184	22080
7056	22952
8597	24493
6345	22241
6144	22040
7924	23820
7543	23439
10522	26418
10568	26464
6290	22186
7410	23306
8844	24740
6451	22347
6294	22190
10840	26736
10735	26631
6377	22273
11029	26925
6390	22286
6896	22792
9370	25266
6054	21950
6456	22352
6540	22436
8298	24194
6939	22835
7288	23184
7545	23441
8277	24173
7063	22959
6622	22518
7667	23563
6155	22051
6787	22683
7856	23752
8877	24773
7993	23889
10581	26477
6298	22194
7847	23743
6439	22335
8927	24823
6250	22146
6359	22255
6733	22629
6255	22151
7013	22909
7896	23792
6503	22399
8886	24782
9182	25078
10449	26345
7796	23692
7008	22904
7938	23834
6886	22782
8561	24457
6694	22590
6423	22319
6559	22455
6534	22430
7487	23383
7686	23582
6336	22232
10538	26434
8948	24844
6413	22309
10473	26369
6195	22091
10495	26391
6226	22122
6028	21924
6803	22699
6365	22261
10560	26456
7182	23078
8879	24775
6070	21966
6328	22224
6262	22158
6725	22621
6258	23810
10961	26857
8081	23977
10586	26482
7606	23502
7721	23617
7646	23542
8000	23896
6547	22443
7934	23830
6295	22191
10480	26376
11031	26927
6046	21942
6677	22573
6667	22563
6825	22721
8717	24613
10497	26393
7928	23824
7888	23784
6446	22342
10654	26550
9841	25737
8667	24563
6630	22526
8244	24140
6427	22323
7593	23489
6793	22689
6407	22303
7124	23020
6510	22406
6315	22211
9417	25313
6728	22624
7778	23674
6380	22276
7873	23769
6599	22495
7167	23063
7886	23782
6204	22100
10503	26399
7234	23130
8275	24171
6752	22648
6300	22196
6501	22397
7012	22908
6631	22527
6194	22090
6810	22706
6602	22498
10711	26607
6508	22404
7587	23483
9282	25178
8671	24567
7876	23772
8910	24806
7704	23600
10512	26408
6582	22478
8911	24807
7220	23116
6049	21945
6458	22354
6296	22192
10548	26444
7875	23771
6524	22420
7981	23877
10478	26374
6526	22422
8893	24789
6978	22874
7201	23097
6944	22840
7979	23875
7537	23433
6114	22010
6818	22714
7115	23011
7926	23822
6021	21917
6442	22338
6236	22132
6821	22717
7413	23309
10458	26354
6105	22001
6187	22083
6342	22238
6815	22711
7569	23465
6419	22315
7854	23750
7016	22912
7072	22968
6719	22615
6678	22574
6362	22258
7608	23504
6338	22234
10719	26615
6420	22316
6701	22597
6494	22390
6378	22274
6444	22340
6307	22203
7965	23861
9312	25208
6472	22368
7561	23457
6308	22204
10850	26746
6352	22248
7607	23503
6982	22878
7079	22975
10634	26530
6152	22048
10454	26350
8073	23969
6912	22808
7914	23810
6578	22474
7054	22950
10542	26438
6422	22318
6441	22337
7423	23319
7145	23041
8859	24755
7141	23037
10532	26428
7175	23071
6605	22501
6685	22581
7374	23270
8968	24864
8083	23979
10730	26626
6386	22282
11032	26928
7897	23793
6473	22369
8963	24859
6484	22380
7424	23320
6681	22577
9858	25754
7637	23533
6648	22544
6716	22612
8382	24278
8248	24144
10716	26612
10842	26738
6079	21975
9333	25229
9293	25189
9842	25738
7895	23791
9047	24943
10710	26606
6164	22060
7411	23307
6160	22056
8069	23965
6376	22272
6428	22324
7617	23513
8199	24095
8904	24985
6659	22555
10714	26610
8873	24769
6468	22364
9852	25748
7987	23883
6618	22514
7135	23031
6346	22242
8041	23937
9094	24990
6826	22722
10923	26819
6515	22411
11036	26932
8185	24081
6889	22785
6519	22415
6150	22046
6971	22867
9851	25747
8074	23970
6876	22772
9878	25774
6923	22819
9397	25293
6299	22195
10576	26472
6657	23163
7009	22905
7663	23559
9850	25746
6230	22126
6400	22296
10797	26693
7921	23817
9399	25295
6680	22576
6229	22125
6934	22830
6601	22497
7894	23790
6271	22167
6899	22795
10799	26695
6139	22035
10468	26364
6371	22267
6488	22384
8240	24136
10502	26398
6820	22716
8519	24415
6379	22275
7015	22911
6643	22539
10873	26769
7225	23121
10717	26613
10441	26337
7906	23802
7887	23783
6370	22266
6392	22288
8011	23907
6257	22153
7776	23672
8885	24781
6408	22304
10527	26423
8203	24099
10525	26421
8805	24701
7422	23318
8925	24821
6218	22114
6731	22627
7480	23376
8716	24612
8890	24786
7913	23809
6329	22225
10640	26536
8263	24159
6430	22326
6822	22718
7960	23856
8205	24101
7440	23336
9844	25740
8657	24553
7272	23168
6544	22440
6791	22687
6884	22780
9285	25181
8937	24833
6790	22686
6974	22870
7196	23352
10733	26629
9026	24922
8213	24109
6231	22127
9337	25233
6443	22339
6726	22622
10579	26475
6343	22239
8589	24485
9836	25732
7121	23017
7929	23825
6637	22533
9568	25464
10515	26411
7075	22971
7285	23181
9011	24907
6183	22079
7131	23027
10737	26633
7907	23803
7549	23445
11040	26936
6645	22541
11041	26937
7970	23866
6781	22677
6686	22582
9274	25170
7972	23868
7946	23842
7940	23836
6416	22312
10648	26544
8381	24277
6246	22142
7004	22900
6619	22515
6941	22837
6734	22630
10481	26377
8465	24361
10528	26424
6029	21925
6763	22659
6576	22472
6542	22438
9089	24985
7457	23353
8052	23948
9273	25169
8210	24106
6109	24936
7336	23232
8881	24777
6665	22561
7025	22921
6672	22568
7400	23296
7181	23077
8396	24292
8029	23925
7889	23785
6592	22488
7388	23284
7462	23358
9490	25386
6404	22300
8420	24316
6827	22723
9483	25379
8190	24086
6669	22990
6649	22545
6750	22646
7328	23224
7762	23658
6829	22725
8792	24688
7983	23879
6640	22536
6558	22454
10610	26506
6410	22306
7784	23680
6527	22423
7564	23460
7962	23858
7003	22899
7140	23036
6280	22176
6584	22480
7317	23213
6823	22719
7966	23862
6424	22320
7703	23599
7087	25776
9416	25312
8692	24588
9340	25236
6196	22092
6660	22556
6151	22047
9015	24911
9846	25743
6579	22475
6369	22265
7600	23496
6266	22162
6717	22613
7232	23128
6356	22252
9432	25328
6517	22413
6764	22660
7867	23763
9840	25736
8722	24618
8358	24254
7997	23893
6341	22237
11026	26922
7777	23673
7964	23860
8087	23983
6620	22516
7052	22948
6476	22372
7624	23520
10564	26460
6173	22069
6586	22482
10718	26614
6283	22179
6373	22269
7002	24786
10590	26486
10628	26524
6354	22250
6687	22583
8019	23915
10585	26481
6553	22449
7665	23561
6075	21971
10523	26419
6832	22728
6860	22756
8197	24093
7389	23285
8107	24003
8316	24212
7781	23677
9002	24898
6513	22409
7565	23461
6317	22213
7174	23070
8949	24845
6213	22109
7672	23568
8338	24234
6712	22608
10530	26426
7154	23050
7091	22987
7471	23367
8658	24554
8018	23914
10452	26348
10493	26389
6482	22378
11044	26940
6933	22829
6639	22535
6375	22271
10637	26533
8047	23943
9817	25713
7294	23190
10574	26470
6415	22311
6746	22642
6875	22771
8907	24803
7828	23724
10545	26441
10727	26623
7554	23450
6914	22810
6780	22676
6853	22749
6828	22724
6729	22625
6768	22664
8006	23902
8953	24849
9444	25340
7218	23114
7542	23438
6615	22511
7068	22964
7603	23499
6259	22155
10498	26394
6720	22616
7384	23280
7212	23108
10467	26363
8034	23930
8786	24682
7361	23257
7772	23668
7267	23163
6718	22614
7748	23644
6867	22763
7036	22932
7920	23816
7756	23652
10471	26367
6247	22143
7839	23735
10539	26435
8798	24694
6153	22049
7512	23408
10487	26383
7295	23191
10504	26400
7702	23598
6533	22429
8119	24015
6699	22595
6434	22330
6688	22584
6437	22333
7277	23173
9853	25749
6683	22579
7356	23252
8231	24127
8122	24018
7367	23263
10662	26558
8903	24799
6714	22610
6894	22790
8706	24602
7061	22957
7585	23481
6766	22662
7634	23530
10845	26741
7810	23706
7937	23833
10746	26642
10537	26433
8026	23922
8386	24282
7297	23193
10599	26495
7780	23676
7069	22965
6999	22895
7369	23265
6593	22489
10535	26431
6693	22589
6261	22157
8467	24363
6813	22709
6908	22804
10722	26618
6025	21921
8115	24011
8997	24893
7222	23118
7844	23740
6617	22513
6310	22206
6445	22341
6287	22183
6541	22437
9546	25442
6432	22328
8478	24374
6351	22247
8897	24793
10489	26385
6663	22559
6824	22720
7898	23794
6704	22600
8724	24620
11035	26931
6846	22742
10955	26851
7180	23076
8013	23909
8711	24607
8867	24763
10743	26639
6814	22710
8120	24016
6795	22691
6805	22701
8869	24765
9435	25331
9081	24977
10460	26356
6199	22095
6535	22431
8022	23918
8348	24244
7532	23428
9056	26786
7350	23246
7481	23377
7597	23493
8469	24365
10558	26454
10514	26410
6804	22700
6788	22684
6932	22828
7406	23302
6567	22463
6935	22831
8746	24642
9389	25285
6572	22468
6189	22085
7376	23272
7106	23002
6545	22441
7601	23497
10627	26523
6614	22510
7996	23892
6625	22521
6975	22871
10479	26375
7359	23255
8289	24185
10849	26745
7265	23161
10501	26397
6550	22446
10724	26620
8038	23934
9488	25384
6698	22594
6749	22645
8871	24767
8955	24851
6921	22817
8468	24364
7793	23689
9447	25343
6661	22557
8894	24790
10524	26420
6190	22086
9352	25248
6566	22462
7868	23764
8276	24172
7349	23245
7764	23660
10622	26518
8902	24798
8200	24096
8852	24748
7190	23086
8269	24165
7676	23572
8928	24824
6239	22135
7088	22984
6504	22400
6709	22605
8282	24178
6847	22743
7747	23643
10721	26617
9429	25325
7228	23124
10042	25938
9474	25370
6551	22447
9582	25478
7176	23072
7953	23849
9010	24906
6552	22448
7707	23603
7865	23965
6222	22118
7371	23267
8161	24057
7791	23687
8156	24052
7046	22942
7139	23035
7813	23709
9929	25825
9131	25027
10715	26611
8543	24439
7221	23117
8626	24522
7678	23574
8010	23906
6385	22281
8181	24077
9374	25270
10713	26609
6455	22351
7516	23412
6588	22484
8005	23901
7058	22954
7609	23505
7047	22943
8305	24201
9953	25849
8132	26517
8686	24582
7557	23453
7270	23166
9118	25014
8104	24000
8663	24559
6796	22692
6880	22776
7806	23702
6557	22453
8699	24595
6711	22607
7170	23066
6161	22057
6167	22063
6604	22500
10624	26520
6331	22227
8919	24815
7729	23625
8336	24232
6505	22401
10536	26432
9381	25277
10959	26855
6684	22580
6965	22861
10698	26594
8473	24369
6775	22671
8193	24089
10728	26624
6881	22777
8017	23913
7038	22934
6748	22644
8369	24265
8656	24552
8328	24224
7066	22962
7899	23795
6555	22451
8905	24801
6589	22485
6256	22152
8008	23904
6856	22752
9579	25475
9459	25355
10814	26710
6756	22652
9271	25167
6654	22550
10826	26722
7936	23832
9194	25090
10608	26504
6952	22848
10582	26478
9092	24988
6326	22222
6857	22753
7081	22977
9387	25283
7402	23298
6529	22425
7526	23422
6861	22757
8486	24382
6691	22587
8131	24027
8112	24008
6573	22469
8061	23957
6570	22466
6216	22112
7143	23039
6327	22223
9173	25069
7090	22986
7169	23065
6539	22435
7581	23477
8474	24370
7955	23851
10817	26713
6658	22554
8151	24047
7309	23205
8241	24137
9377	25273
7197	23093
8148	24044
8391	24287
8062	23958
7385	23281
8304	24200
8874	24770
6969	22865
9740	25636
10652	26548
10505	26401
7264	23160
7414	23310
6776	22672
6910	22806
9058	24954
6465	22361
6713	22609
10761	26657
7444	23340
7483	23379
8856	24752
10506	26402
10847	26743
7102	22998
7432	23328
7877	23773
8060	23956
8878	24774
10769	26665
6755	22651
8409	24305
9003	24899
9660	25556
8059	23955
8273	24169
8861	24757
9027	24923
6306	22202
10861	26757
9230	25126
6996	22892
11045	26941
7522	23418
7925	23821
7974	23870
7945	23841
7973	23869
8774	24670
7775	23671
9657	25553
6976	22872
7347	23243
11030	26926
6789	22685
6840	22736
7802	23698
7095	22991
8280	24176
10864	26760
7843	25421
8606	24502
6383	22279
6650	22546
8972	24868
8352	24248
8883	24779
7029	22925
7339	23235
8817	24713
6945	22841
9872	25768
10732	26628
6842	22738
7053	22949
8095	23991
7523	23419
8627	24523
6577	22473
9520	25416
7159	23055
6490	22386
6666	22562
7214	23110
10922	26818
8020	23916
7239	23135
7248	23144
7878	23774
6460	22356
6580	22476
6949	22845
10445	26341
10533	26429
9408	25304
10436	26332
6869	22765
7648	23544
8647	24543
6979	22875
8926	24822
6927	22823
7160	23056
7513	23409
7788	23684
8155	24051
10561	26457
6554	22450
8444	24340
8489	24385
9465	25361
6739	22635
6585	22481
9046	24942
8014	23910
8965	24861
9431	25327
9946	25842
7984	23880
7355	23251
7842	23738
7988	23884
8138	24034
9035	24931
6817	22713
7158	23054
7108	23004
10645	26541
6732	22628
9698	25594
6882	22778
10496	26392
10559	26455
7805	23701
10551	26447
10521	26417
10734	26630
9292	25188
7908	23804
7323	23219
6724	22620
7694	23590
7085	22981
8021	23917
7941	23837
8931	24827
8472	24368
6459	22355
8214	24110
9276	25172
9848	25744
8308	24204
8889	24824
6475	22371
6600	22496
7659	23555
7943	23839
9441	25337
9478	25374
7051	22947
7968	23864
9420	25316
7495	23391
8923	24819
10812	26708
6962	22858
10552	26448
10846	26742
7418	23314
8144	24040
9289	25185
7901	23797
7134	23030
7208	23104
6920	22816
7586	23482
9316	25212
8696	24592
6773	22669
7415	23311
7473	23369
7011	22907
7200	23096
6924	22820
9355	25251
6917	22813
7129	23025
7599	23495
7632	23528
6609	22505
8296	24192
9042	24938
7656	23552
7030	22926
6429	22325
6492	22388
7710	23606
8661	24557
9475	25371
7417	23313
8605	24501
7179	23075
11046	26942
9527	25423
8854	24750
7195	23091
7282	23178
9584	25480
7150	23046
8023	23919
8945	24841
6785	22681
7014	22910
8929	24825
9186	25082
9324	25220
6916	22812
8267	24163
6772	22668
6612	22508
8344	24240
8558	24454
10549	26445
6234	22130
6565	22461
10491	26387
10723	26619
7116	23012
10093	25989
8747	24643
7419	23315
7539	23435
10556	26452
11034	26930
6735	22631
7957	23853
8064	23960
10739	26635
6743	22639
6903	22799
8040	23936
7947	23843
9833	25729
7161	23057
8097	23993
7320	23216
7166	23062
9022	24918
6858	22754
8211	24107
8479	24375
9835	25731
8332	24228
8641	24537
7853	23749
7992	23888
6938	22834
7303	23199
9294	25190
9864	25760
6911	22807
8359	24255
7133	23029
8173	24069
9722	25618
8966	24862
9558	25454
6500	22396
6942	22838
9625	25521
6102	21998
8168	24064
8811	24707
9358	25254
6575	22471
6800	22696
7289	23185
8340	24236
10620	26516
7630	23526
9134	25030
9150	25046
7677	23573
6695	22591
7059	22955
7378	23274
8357	24253
10666	26562
6995	22891
7306	23202
7807	23703
8146	24042
8163	24059
9005	24901
8729	24625
7503	23399
8456	24352
9470	25366
9554	25450
7304	23200
7645	23541
7723	23619
8180	24076
6242	22138
8915	24811
9618	25514
7330	23226
7498	23394
7789	23685
8899	24795
10720	26616
7445	23341
7577	23473
7620	23516
8048	23944
6436	22332
8940	24836
7783	23679
8672	24568
10653	26549
8892	24788
9588	26818
10485	26381
7247	23143
8130	24026
8242	24138
10553	26449
6217	22113
7326	23222
7556	23452
10962	26858
6797	22693
9278	25174
7122	23018
7194	23090
7456	23352
7967	25366
8292	24188
8293	24189
10631	26527
6235	22131
10667	26563
9856	25752
10646	26542
7476	23372
10455	26351
6302	22198
6993	22889
8153	24049
8195	24091
9353	25249
7631	23527
7797	23693
10580	26476
8345	24241
9396	25292
7233	23129
6448	22344
7099	22995
7705	23601
7080	22976
8504	24400
8855	24751
9757	25653
9954	25850
7902	23798
8300	24196
8373	24269
8882	24778
10994	26890
6094	21990
7533	23429
8142	24038
8898	24794
9119	25015
6839	22735
7142	23776
9001	24897
9342	25238
8137	24033
6220	22116
6520	22416
8091	23987
8309	24205
7049	22945
7250	23146
7127	23023
7904	23800
9449	25345
10755	26651
7213	23109
7329	23225
8866	24762
8989	24885
6122	22018
6574	22470
6591	22487
7111	23007
10898	26794
8875	24771
10450	26346
10778	26674
10900	26796
6470	22366
7524	23420
8164	24060
8834	24730
10741	26637
6314	22210
6679	22575
7370	23266
8057	23953
8329	24225
7935	23831
9061	24957
9503	25399
6417	22313
7744	23640
8405	24301
9845	25741
10695	26591
10877	26773
8046	23942
9104	25000
9876	25772
6323	22219
7286	23182
9867	25763
10500	26396
7188	23084
8002	23898
8938	24834
10482	26378
7010	22906
9950	25846
8481	24377
8888	24784
10469	26365
10752	26648
7092	22988
7243	23139
7430	23326
8457	24353
10597	26493
6991	22887
7458	23354
7820	23716
6518	22414
7043	22939
6855	22751
6987	22883
7287	23183
8924	24820
9822	25718
6947	22843
7283	23179
10517	26413
6237	22133
7470	23366
10657	26553
10681	26577
8080	23976
9160	25056
7592	23488
8182	26925
9762	25658
9955	25851
7478	23374
6200	22096
7708	23604
9248	25144
9690	25586
6264	22160
8389	24285
9072	24968
6668	22564
6873	22769
7825	23721
9578	25474
10686	26582
6412	22308
9225	25121
7183	23079
7048	22944
8183	24079
8526	24422
7000	22896
10792	26688
6943	22839
7468	23364
10970	26866
7321	23217
7950	23846
9341	25237
7890	23786
8407	24303
9298	25194
9425	25321
7163	23059
8379	24275
9794	25690
10578	26474
6367	22263
7344	23240
7666	23562
8480	24376
8939	24835
8331	24227
6587	22483
8960	24856
10855	26751
7910	23999
8651	24547
10749	26645
6528	22424
7259	23155
7680	23576
9065	24961
6970	22866
8179	24075
9880	25776
10483	26379
7205	23101
7750	23646
6928	22824
7952	23848
8114	24010
6330	22226
8159	24055
9135	25031
10616	26512
6753	22649
7083	22979
8039	23935
8436	24332
7007	22903
7885	23781
10431	26327
7377	23273
10683	26579
6692	22588
6779	22675
8224	24120
8708	24604
9054	24950
10672	26568
6462	22358
7558	23454
7589	23485
7879	23775
7922	23818
8136	24032
6106	22002
8004	23900
7436	23332
8320	24216
10766	26662
10819	26715
6794	22690
6865	22761
7119	23015
6851	22747
7151	23047
8279	24175
8987	24883
10118	26014
10630	26526
6634	22530
7496	23392
7745	23641
7980	23876
8311	24207
9215	25111
10831	26727
7357	23253
7434	23330
8086	23982
6414	22310
7144	23040
10550	26446
8767	24663
8900	24796
6186	22082
6421	22317
6018	21914
6918	22814
7450	23346
7835	23731
8106	24002
8212	24108
9450	25346
7284	23180
7916	23812
6958	22854
7580	23476
9436	25332
10844	26740
7164	23060
7759	23655
8070	23966
8237	24133
8572	24468
7900	23796
8222	24118
9252	25148
10618	26514
6767	22663
7732	23628
8033	23929
10658	26554
6898	22794
6850	22746
7394	23290
8471	24367
6522	22418
8043	23939
8529	24425
9103	24999
7933	23829
8202	24098
9006	24902
7118	23014
10555	26451
7086	22982
9472	25368
6353	22249
8093	23989
8380	24276
8691	24587
8901	24797
6453	22349
7833	23729
8167	24063
8930	24826
10486	26382
8896	24792
8908	24804
9985	25881
10700	26596
7097	22993
7977	23873
8978	24874
9275	25171
10102	25998
10570	26466
7718	23614
8975	24871
9552	25448
6399	22295
8196	24092
7060	22956
8113	24009
8497	24393
7031	22927
6799	22695
7407	23303
8880	24776
10326	26222
10475	26371
6703	22599
6897	24840
6964	22860
6989	22885
7301	23197
7949	23845
8192	24088
10866	26762
7850	23746
10587	26483
7596	23492
8030	23926
8419	24315
8447	24343
7405	23301
7497	23393
9052	24948
10606	26502
6454	22350
9013	24909
9581	25477
10675	26571
8432	24328
8485	24381
8629	24525
6816	22712
7064	22960
10039	25935
8284	24180
6697	23764
6992	22888
7206	23102
7669	23565
7944	23840
8281	24177
6238	22134
7454	23350
7574	23470
7720	23616
10785	26681
6926	22822
7082	22978
9648	25544
6848	22744
6909	22805
7103	22999
7605	23501
7942	23838
8054	23950
8254	25723
6249	22145
6906	22802
7098	22994
7403	26364
7674	23570
8012	23908
9421	25317
9614	25510
6937	22833
7544	23440
7583	23479
7969	23865
9922	25818
6627	22523
6738	22634
7236	23132
7550	23446
8264	24528
8994	24890
9161	25057
9200	25096
10124	26020
10584	26480
10588	26484
6180	22076
8388	24284
8713	24609
8995	24891
6671	22567
7148	23044
7153	23049
7817	23713
8618	24514
10862	26758
7241	23137
7882	23778
8015	23911
8412	24308
9020	24916
9908	25869
6499	22395
8125	24021
8659	24555
8715	24611
6467	22363
7464	23360
7743	23639
10017	25913
10557	26453
6320	22216
7071	22967
7240	23136
7541	23437
8031	23927
8295	24191
8330	24226
9462	25358
10164	26060
10773	26669
6760	22656
6784	22680
7337	23233
7379	23275
8067	23963
8451	24347
6543	22439
6771	22667
6833	22729
7125	26364
7130	23026
7647	23543
10126	26022
7348	23244
8128	24024
8483	24379
9008	24904
9571	25467
9966	25862
6745	22641
7360	23256
8058	23954
8216	24112
9004	24900
9314	25210
9482	25378
9949	25845
10592	26488
6754	22650
7023	22919
8738	24634
9863	25759
9870	25766
7595	23491
7734	23630
7994	23890
8102	23998
6506	22402
9181	25077
10779	26675
6426	22322
6607	22503
6956	22852
6973	22869
7358	23254
7591	23487
10543	26439
7223	23119
8141	24037
6862	22758
8333	24229
9281	25177
9319	25215
6950	22846
7147	23043
7428	23324
7441	23337
7475	23371
8306	24202
9486	25382
7185	23081
7299	23195
8992	24888
9033	24929
9923	25819
7535	23431
8053	23949
8089	23985
10759	26655
7178	23074
7404	23300
7642	23538
9427	25323
10692	26588
7552	23448
7614	23510
8573	24469
8812	24708
8974	24870
10852	26748
6480	22376
7162	23058
7566	23462
8124	24020
9855	25751
10787	26683
10825	26721
10851	26747
6291	22187
7260	23156
7905	23801
8322	24218
10566	26462
7751	23647
9000	24896
9831	25727
10609	26505
10760	26656
6221	22117
7390	23286
9075	24971
10601	26497
6628	22524
7316	23212
8157	24053
8794	24690
9422	25318
6425	22321
6762	22658
7811	23707
7903	23799
7923	23819
8588	24484
10876	26772
6769	22665
6883	22779
6985	22881
7093	22989
7235	23131
7307	23203
7954	23850
8170	24066
10904	26800
6997	23700
7262	23158
7623	23519
8303	24199
10880	26776
7184	23080
8139	24035
8739	24635
8913	24809
7073	24321
7986	23882
6163	22059
6431	22327
6673	22569
7067	22963
8088	23984
9442	25338
10678	26574
6931	22827
7719	23615
9025	24921
9330	25226
10635	26531
6447	22343
7670	23566
9014	24910
9351	25247
9862	25758
10708	26604
6983	22879
8404	24300
8443	24339
8477	24373
9051	24947
10484	26380
10897	26793
6629	22525
7062	22958
10664	26560
6464	22360
6783	22679
8174	24070
9359	25255
7168	23064
7892	23788
8108	24004
8310	24206
9519	25415
9528	25424
9887	25783
6603	22499
7538	23434
7651	23547
8431	24327
8679	24575
9096	24992
9577	25473
9797	25693
9875	25771
10868	26764
6919	22815
7387	23283
7560	23456
8063	23959
8827	24723
10462	26358
10982	26878
7319	23215
7611	23507
7912	23808
8385	24281
8418	24314
8450	24346
8631	24527
8891	24787
9250	25146
9945	25841
6435	22331
7870	23766
8508	24404
8943	24839
9576	25472
6212	22108
7107	23003
7335	23231
7931	23827
8494	24390
8532	24428
9185	25081
10712	26608
10800	26696
10859	26755
6305	22201
8150	24046
8270	24166
8719	24615
9241	25137
6954	22850
8616	24512
9583	25479
8307	24203
8533	24429
9347	25243
9617	25513
10250	26146
10703	26599
7113	23009
7785	23681
8783	24679
7345	23241
7391	23287
7416	23312
8201	24097
10623	26519
6479	22375
7149	23045
8065	23961
8582	24478
8872	24768
8909	24805
9539	25435
6626	22522
7643	23539
8564	24460
8884	24780
8916	24812
9605	25501
9886	25782
10269	26165
8126	24022
8954	24850
8958	24854
9947	25843
10051	25947
10651	26547
7989	23885
8206	24102
8417	24313
9067	24963
10663	26559
10765	26661
10834	26730
10971	26867
6854	22750
7715	23611
7724	23620
7735	23631
8085	23981
8353	24249
10680	26576
10872	26768
6901	22797
7132	23028
7353	23249
7452	23348
8733	24629
8922	24818
10016	25912
10593	26489
7040	22936
9290	25186
10690	26586
10839	26735
7852	23748
8272	24168
8392	24288
8710	24606
9709	25605
10600	26496
6318	22214
6481	22377
6487	22383
6537	22433
7604	23500
8007	23903
10612	26508
10965	26861
7001	22897
7493	23389
7932	23828
8037	23933
8101	23997
8601	24497
8914	24810
8936	24832
10638	26534
7026	22922
7380	23276
7698	23594
7976	23872
8865	25023
9174	25070
9401	25297
6792	22688
7519	23415
7590	23486
7857	23753
7948	23844
8072	23968
8530	24426
8868	24764
9021	24917
9691	25587
6662	22558
6879	22775
7963	23859
8421	24317
9871	25767
6571	22467
8297	24193
8732	24628
8737	24633
9113	25009
10742	26638
6843	22739
7279	23175
7548	23444
7819	23715
7453	23349
7635	23531
7711	23607
8350	24246
8727	24623
8932	24828
8951	24847
9109	25005
9164	25060
10754	26650
6438	22334
6902	22798
6929	22825
7540	23436
7717	23613
8820	24716
9120	25016
9489	25385
10577	26473
7198	23094
7641	23537
8226	24122
9101	24997
9295	25191
9507	25403
7832	23728
8194	24090
8227	24123
8637	24533
8981	24877
7293	23189
7305	23201
8094	23990
8520	24416
9049	24945
9456	25352
9596	25492
9626	25522
9705	25601
9726	25622
9980	25876
10127	26023
10611	26507
10745	26641
6878	22774
7437	23333
8187	24083
8251	24147
8600	24496
8700	24596
7951	23847
8360	24256
8429	24325
8678	24574
8947	24843
10617	26513
6397	22293
6507	22403
6895	22791
7101	22997
8615	24511
8649	24545
8712	24608
8843	24739
8942	24838
9138	25034
9140	25036
9498	25394
9895	25791
10704	26600
6538	22434
6635	22531
6722	22618
7500	23396
7823	23719
9912	25808
10207	26103
10575	26471
6387	22283
7433	23329
7528	23424
9084	24980
9154	25050
9443	25339
6245	22141
7120	23016
7207	23103
7627	23523
8355	24251
8853	24749
9036	24932
9082	24978
9332	25228
9509	25405
9959	25855
6676	22572
7258	23154
7803	23699
7804	23700
10641	26537
7193	23089
7722	23618
7862	23758
7919	23815
8239	24135
9029	24925
9228	25124
10563	26459
10858	26754
10935	26831
7104	23000
7253	23149
7310	23206
7363	23259
7761	23657
8249	24145
9009	24905
10650	26546
10881	26777
7354	23250
7421	23317
7594	23490
7682	23578
8051	23947
8134	24030
8323	24219
8634	24530
9854	25750
10660	26556
10784	26680
7024	22920
7231	23127
7245	23141
7653	23549
8082	23978
8426	24322
8553	24449
8554	24450
9247	25143
9567	25463
9640	25536
10594	26490
7334	23230
7534	23430
8395	24291
9125	25021
10740	26636
6463	22359
7629	23525
7765	23661
8127	24023
8408	24304
9325	25221
9496	25392
6951	22847
7626	23522
7662	23558
7766	23662
7782	23678
8482	24378
8617	24513
8980	24876
9079	24975
9157	25053
10058	25954
7044	22940
7065	22961
7331	23227
7576	23472
7687	23583
8135	24031
8401	24297
9102	24998
9234	25130
9879	25775
10679	26575
6597	22493
6806	25537
7655	23551
7961	23857
8446	24342
8625	24521
8645	24541
9192	25088
9211	25107
9307	25203
6103	21999
7173	23069
7615	23511
7863	23759
8110	24006
10818	26714
6656	22552
6721	22617
6841	22737
7209	23105
7917	23813
9090	24986
6852	22748
6925	22821
8116	24012
8225	24121
8378	24274
9189	25085
9697	25593
10969	26865
6485	22381
7217	23113
7439	23335
8079	23975
8219	24115
9296	25192
10639	26535
10926	26822
7050	22946
7801	23697
8177	24073
8830	24726
9147	25043
10806	26702
10820	26716
6655	22551
6706	22602
7341	23237
7364	23260
7529	23425
7675	23571
7768	23664
8149	24045
8410	24306
8862	24758
9016	24912
9900	25796
10782	26678
7057	22953
7281	23177
8009	23905
8321	24217
8496	24392
9053	24949
9059	24955
9368	25264
9446	25342
10583	26479
10768	26664
6984	22880
7255	23151
7758	23654
8098	23994
8100	23996
8221	24117
8721	24617
10596	26492
10744	26640
10801	26697
8271	24167
8535	24431
8557	24453
9149	25045
9297	25193
9303	25199
9505	25401
9716	25612
9753	25649
6913	22809
8256	24152
8361	24257
8402	24298
8677	24573
8935	24831
9493	25389
9569	25465
10130	26026
10916	26812
6696	22592
6710	22606
7338	23234
7484	23380
7794	23690
7939	23835
8172	24068
8314	24210
8740	24636
9044	24940
10901	26797
10925	26821
7020	22916
7114	23010
7372	23268
7398	23294
7816	23712
8105	24001
8215	24111
8234	24130
8238	24134
9165	25061
9686	25582
10731	26627
6930	22826
7517	24139
7767	23663
7891	23787
8044	23940
8791	24687
9533	25429
6844	22740
6907	22803
7094	22990
7749	23645
7826	23722
8099	23995
8258	24154
8524	24420
8764	24660
8840	24736
8967	24863
8998	24894
9037	24933
9080	24976
10816	26712
10841	26737
10857	26753
6198	22094
6863	22759
6940	22836
7263	23159
7466	23362
7502	23398
7869	23765
8077	23973
8522	24418
8704	24600
8771	24667
8818	24714
10789	26685
6486	22382
7042	22938
7084	22980
7714	23610
7860	23756
8050	23946
8964	24860
9023	24919
9299	25195
9491	25387
10669	26565
6381	22277
6936	22832
7076	22972
7312	23208
7999	23895
8056	23952
8189	24085
8434	24330
8596	24492
8681	24577
8895	24791
8976	24872
9168	25064
9694	25590
9745	25641
10677	26573
10810	26706
7027	22923
7189	23085
7257	23153
8544	24440
8653	24549
9309	25205
9826	25722
9896	25792
10625	26521
6819	22715
6885	22781
6946	22842
7741	23637
8274	24170
8752	24648
8969	24865
9205	25101
9440	25336
10518	26414
10776	26672
6960	22856
7383	23279
7505	23401
7725	23621
7746	23642
8198	24094
8209	24105
8334	24230
8365	24261
8414	24310
8846	24742
9048	24944
7506	23402
7685	23581
8428	24324
8525	24421
8559	24455
8602	24498
8619	24515
8952	24848
9019	24915
9589	25485
9720	25616
9905	25801
10957	26853
6778	22674
7244	23140
7296	23192
7431	23327
7657	23553
7855	23751
8165	24061
8230	24126
8542	24438
8555	24451
8755	24651
9382	25278
9623	25519
9652	25548
9688	25584
9695	25591
10562	26458
10701	26597
10914	26810
10921	26817
6868	22764
7362	23258
7709	23605
7771	23667
7812	23708
7930	23826
8368	24264
8393	24289
8441	24337
8531	24427
8571	24467
8577	24473
8670	24566
8991	24887
9039	24935
10661	26557
7290	23186
7838	23734
8317	24213
8339	24235
8463	24359
8648	24544
8788	24684
9086	24982
9175	25071
9480	25376
9892	25788
9915	25811
9997	25893
10033	25929
10689	26585
10738	26634
10777	26673
6835	22731
7690	23586
8143	24039
8437	24333
8956	24852
9310	25206
9452	25348
9574	25470
9699	25595
9847	25743
10867	26763
10934	26830
11039	26935
7005	26128
7893	23789
8283	24179
8569	24465
8781	24677
9070	24966
9220	25116
9306	25202
9367	25263
10589	26485
6613	22509
6675	22571
6871	22767
7871	23767
8071	23967
8208	24104
8364	24260
8403	24299
8701	24597
9031	24927
9487	25383
9616	25512
9795	25691
10604	26500
10642	26538
7276	23172
7426	23322
7563	24381
8243	24139
8534	24430
8971	24867
8988	24884
9587	25483
10273	26169
6581	22477
6638	22534
7798	23694
9621	25517
9672	25568
10147	26043
10246	26142
10328	26224
10960	26856
6872	22768
7138	23034
7254	23150
7504	23400
7613	23509
7846	23742
7959	23855
8427	24323
8575	24471
8660	24556
9055	24951
9336	25232
9793	25689
9921	25817
10696	26592
10764	26660
10808	26704
10822	26718
10889	26785
10910	26806
11038	26934
6809	22705
7227	23123
7409	23305
7727	23623
8511	24407
8614	24510
8838	24734
8858	24754
9362	25258
9599	25495
9754	25650
10643	26539
6646	22542
6744	22640
7137	25235
7269	23165
7499	23395
7650	23546
7652	23548
7754	23650
8152	24048
8325	24221
8411	24307
8455	24351
8547	24443
9262	25158
9418	25314
9638	25534
9772	25668
9931	25827
9998	25894
10940	26836
10996	26892
6786	22682
6994	22890
7171	23067
7216	23112
7640	23536
7773	23669
8117	24013
8377	24273
8517	24413
8772	24668
8912	24808
8941	24837
9057	24953
9708	25604
9839	25735
6041	21937
7028	22924
8188	24084
8370	24266
8538	24434
8990	24886
9139	25035
9193	25089
9256	25152
9522	25418
9713	25609
9909	25805
10034	25930
10793	26689
6596	22492
7110	23006
7199	23095
7622	23518
7696	23592
7864	23760
8084	23980
8176	24072
8255	24151
8459	24355
8498	24394
9166	25062
9217	25113
9606	25502
9701	25597
10021	25917
10037	25933
10216	26112
10632	26528
10977	26873
7460	23356
7461	23357
7482	23378
7551	23447
7578	23474
7790	23686
8266	24162
8315	24211
8448	24344
8583	24479
9108	25004
9246	25142
9286	25182
9815	25711
10036	25932
10684	26580
10888	26784
10912	26808
10932	26828
11018	26914
6782	22678
7575	23471
7753	23649
7818	23714
7956	23852
8268	24164
8387	24283
8509	26456
8643	24539
9473	25369
9938	25834
10629	26525
10887	26783
10908	26804
7165	23061
7242	23138
7268	23164
7584	23480
7713	23609
7769	23665
7978	23874
8570	24466
8574	24470
8999	24895
9085	24981
9128	25024
9136	25032
9159	25055
9249	25145
9284	25180
10747	26643
10856	26752
6561	22457
6887	22783
7447	23343
8045	23941
8815	24711
9069	24965
9137	25033
9172	25068
9213	25109
9233	25129
9320	25216
9376	25272
9379	25275
9683	25579
10187	26083
10780	26676
8462	24358
8488	24384
8499	24395
8591	24487
8611	24507
9087	24983
9093	24989
9244	25140
9400	25296
9595	25491
9706	25602
10798	26694
6708	22604
7191	23087
7292	23188
7531	23427
7740	23636
7990	23886
8375	24271
8917	24813
8920	24816
9453	25349
9461	25357
9749	25645
9866	25762
9952	25848
6758	22654
7039	22935
7070	22966
7770	23666
7824	23720
8218	24114
8250	24146
8318	24214
8356	24252
8433	24329
8769	24665
8780	24676
8983	24879
9221	25117
9573	25469
9674	25570
9774	25670
9785	25681
9825	25721
9902	25798
10203	26099
10753	26649
6807	22703
7045	22941
7128	23024
7448	23344
7509	23405
7555	23451
8175	24071
8438	24334
8725	24621
9012	24908
9468	25364
9775	25671
9881	25777
9939	25835
10077	25973
7074	22970
7392	23288
7695	23591
8169	24065
8247	24143
8326	24222
8687	24583
8748	24644
8996	24892
9222	25118
9484	25380
9525	25421
9543	25439
9586	25482
9608	25504
9700	25596
10655	26551
10750	26646
6136	22032
6493	22389
6727	22623
7271	23167
7618	23514
7668	23564
7712	23608
8286	24182
8579	24475
8799	24695
8828	24724
9645	25541
9743	25639
9748	25644
10264	26160
10671	26567
10687	26583
10758	26654
10788	26684
10827	26723
7032	22928
7446	23342
7527	23423
8349	24245
8442	24338
8683	24579
8753	24649
9178	25074
9258	25267
9338	25234
9419	25315
9426	25322
9663	25559
9800	25696
9860	25756
9888	25784
9943	25839
10415	26311
10702	26598
10783	26679
10903	26799
11027	26923
6449	22345
6624	22520
7203	23099
7274	23170
7442	23338
7443	23339
7491	23387
7530	23426
8003	23899
8235	24131
8413	26222
8556	24452
8603	24499
8749	24645
8845	24741
8946	24842
8977	24873
9116	25012
9326	25222
9349	25245
10107	26003
10567	26463
7469	23365
7547	23443
8223	24119
8232	24128
8319	24215
8341	24237
8371	24267
8682	24578
8768	24664
9032	24928
9235	25131
9260	25156
9479	25375
9526	25422
9561	25457
9710	25606
9883	25779
9893	25789
10656	26552
10804	26700
10805	26701
10884	26780
6966	22862
6990	22886
7559	23455
7774	23670
7836	23732
7985	23881
7995	23891
8036	23932
8430	24326
8454	24350
8492	24388
8578	24474
8714	24610
8758	24654
8816	24712
8979	24875
9196	25092
9199	25095
9257	25153
9269	25165
9641	25537
9711	25607
9783	25679
10008	25904
10795	26691
10838	26734
6394	22290
6915	22811
6981	22877
7489	23385
7494	23390
7638	23534
7639	23535
7684	23580
8145	24041
8367	24263
8439	24335
8491	24387
8565	24461
8594	24490
8684	24580
9038	24934
9066	24962
9111	25007
9512	25408
9514	25410
9524	25420
9613	25509
9739	25635
9926	25822
10206	26102
10649	26545
10771	26667
10948	26844
6395	22291
6616	22512
6808	22704
7211	23107
7381	23277
7396	23292
7588	23484
7737	23633
8204	24100
8366	24262
8630	24526
8633	24529
8735	24631
8836	24732
8860	24756
9339	25235
9467	25363
10011	25907
10069	25965
10138	26034
10571	26467
10729	26625
10837	26733
10870	26766
10943	26839
6837	22733
7041	22937
7373	23269
7474	23370
7742	23638
7971	23867
8032	23928
8075	23971
8184	24080
8394	24290
8416	24312
8620	24516
8623	24519
8642	24538
8751	24647
8814	24710
9344	25240
9995	25891
10644	26540
10860	26756
6610	22506
7252	23148
7351	23247
7386	23282
7393	23289
7479	23375
7490	23386
7726	23622
7841	23737
8025	23921
8302	24198
8384	24280
8539	24435
8676	24572
8795	24691
9124	25020
9151	25047
9463	25359
9516	25412
9537	25433
9643	25539
9729	25625
9973	25869
10079	25975
10979	26875
6953	22849
7278	23174
7693	23589
7845	23741
8066	23962
8397	24293
8587	24483
8703	24599
9017	24913
9099	24995
9100	24996
9110	25006
9403	25299
9423	25319
9653	25549
9951	25847
10647	26543
10709	26605
10796	26692
10976	26872
6836	22732
7822	23718
8035	23931
8246	24142
8285	24181
8730	24626
8742	24638
8745	24641
8750	24646
8993	24889
9040	24936
9062	24958
9167	25063
9363	25259
9366	25262
9391	25287
9760	25656
9890	25786
9971	25867
10007	25903
10009	25905
10286	26182
10339	26235
10803	26699
10919	26815
10964	26860
6405	22301
6751	22647
6812	22708
7123	23019
8055	23951
8078	23974
8121	24017
8162	24058
8288	24184
8312	24208
8490	24386
8546	24442
8766	24662
8804	24700
8906	24802
8933	24829
8961	24857
9068	26017
9170	25066
9187	25083
9300	25196
9680	25576
9816	25712
9868	25764
9981	25877
10059	25955
10099	25995
10137	26033
10222	26118
10547	26443
10595	26491
10874	26770
7186	23082
7215	23111
7311	23207
7346	23242
7455	23351
8092	23988
8343	24239
8506	24402
8510	24406
8662	24558
8741	24637
9114	25010
9132	25028
9153	25049
9255	25151
9265	25161
9390	25286
9460	25356
9559	25455
9593	25489
9602	25498
9622	25518
9702	25598
9707	25603
9813	25709
9874	25770
10004	25900
10010	25906
10068	25964
10179	26075
10694	26590
10794	26690
6849	22745
6998	22894
7365	23261
7395	23291
7425	23321
7507	23403
7508	23404
8186	24082
8445	24341
8590	24486
8622	24518
8697	24593
8962	24858
9083	24979
9180	25076
9209	25105
9335	25231
9406	25302
9545	25441
9659	25555
9677	25573
9735	25631
9773	25669
9884	25780
10983	26879
6065	21961
6388	22284
7156	23052
7273	23169
7340	23236
7477	23373
7520	23416
7628	23524
7795	23691
8096	23992
8260	24156
8351	24247
8610	24506
8743	24639
9146	25042
9156	25052
9331	25227
9334	25230
9372	25268
9404	25300
9430	25326
9457	25353
9689	25585
9704	25600
9751	25647
9790	25686
10270	26166
10619	26515
10848	26744
10944	26840
10972	26868
7521	23417
7525	23421
7582	23478
7689	23585
7927	23823
8042	23938
8158	24054
8449	24345
8549	24445
8797	24693
8850	24746
8851	24747
9263	25159
9361	25257
9609	25505
9624	25520
9634	25530
9767	25663
9787	25683
9805	25701
9907	25803
9913	25809
9991	25887
10103	25999
10239	26135
10665	26561
10938	26834
10942	26838
6922	22818
6948	22844
7275	23171
7333	23229
7733	23629
8024	23938
8220	24116
8720	24616
8728	24624
8773	24669
9071	24967
9142	25038
9395	25291
9409	25305
9454	25350
9547	25443
9649	25545
9827	25723
9930	25826
10072	25968
10074	25970
10108	26004
10142	26038
10196	26092
10966	26862
11003	26899
6531	22427
6864	22760
6890	22786
7078	22974
7515	23411
8346	24242
8400	24296
8440	24336
8503	24399
8521	24417
8592	24488
8668	24564
8693	24589
8765	24661
8832	24728
8982	24878
9018	24914
9144	25040
9171	25067
9208	25104
9343	25239
9365	25261
9477	25373
9515	25411
9667	25563
9714	25610
9873	25769
9899	25795
9904	25800
10316	26212
10346	26242
10364	26260
10725	26621
10933	26829
6955	22851
7368	23264
7382	23278
7958	23854
8049	23945
8133	24029
8233	24129
8262	24158
8278	24174
8354	24250
8563	24459
8608	24504
8609	24505
8612	24508
8802	24698
8918	24814
9028	24924
9043	24939
9097	24993
9270	25166
9279	25175
9380	25276
9455	25351
9532	25428
9538	25434
9665	25561
9807	25703
9819	25715
10080	25976
10191	26087
10334	26230
10369	26265
10383	26279
10540	26436
10775	26671
10823	26719
10893	26789
10906	26802
6888	22784
7298	23611
7308	23204
7322	23218
7518	23414
7699	23595
7736	23632
7815	23711
7911	23807
8076	23972
8337	24233
8461	24357
8545	24441
8593	24489
8698	24594
8723	24619
8806	24702
9126	25022
9190	25086
9204	25100
9229	25125
9329	25225
9369	25265
9437	25333
9439	25335
9542	25438
9917	25813
9983	25879
9992	25888
10086	25982
10272	26168
10607	26503
10614	26510
10905	26801
10918	26814
7019	22915
7089	22985
7327	23223
7467	23363
7716	23612
7730	23626
7738	23634
7991	23887
8217	24113
8580	24476
8644	24540
8837	24733
8944	24840
8973	24869
9112	25008
9179	25075
9195	25091
9266	25162
9268	25164
9323	25219
9364	25260
9413	25309
9458	25354
9517	25413
9544	25440
9585	25481
9644	25540
9664	25560
9676	25572
9730	25626
9821	25717
9976	25872
9977	25873
10023	25919
10078	25974
10225	26121
10748	26644
10772	26668
10821	26717
6967	22863
7249	23145
7256	23152
7401	23297
7660	23556
7799	23695
7834	23730
8154	24050
8178	24074
8245	26459
8287	24183
8523	24419
8560	24456
8655	24551
8841	24737
9123	25019
9212	25108
9245	25141
9304	25200
9357	25253
9384	25280
9407	25303
9445	25341
9597	25493
9611	25507
9682	25578
9763	25659
9891	25787
10045	25941
10047	25943
10122	26018
10131	26027
10180	26076
10332	26228
10668	26564
10673	26569
10988	26884
6409	22305
6477	22373
6512	22408
6514	22410
6963	22859
7397	23293
7472	23368
7501	23397
7691	23587
7697	23593
7866	23762
8229	24125
8548	24444
8819	24715
9133	25029
9169	25065
9202	25098
9242	25138
9327	25223
9375	25271
9393	25289
9424	25320
9510	25406
9529	25425
9651	25547
9687	25583
9719	25615
9779	25675
9857	25753
9920	25816
9965	25861
9993	25889
10076	25972
10084	25980
10211	26107
10279	26175
10338	26234
10751	26647
10757	26653
10907	26803
10913	26809
10963	26859
6893	22789
7315	23211
7375	23271
7449	23345
7567	23463
7800	23696
7848	23744
7858	23754
8265	24161
8327	24223
8415	24311
8632	24528
8666	24562
9141	25037
9155	25051
9203	25099
9216	25112
9575	25471
9792	25688
10105	26001
10144	26040
10190	26086
10208	26104
10265	26161
10303	26199
10375	26271
10691	26587
10802	26698
10992	26888
11028	26924
6891	22787
7280	23176
7313	23209
7511	23407
7553	23449
8001	23897
8129	24025
8399	24295
8423	24319
8501	24397
8646	24542
8650	24546
8705	24601
8793	24689
8800	24696
9129	25025
9236	25132
9287	25183
9301	25197
9305	25201
9311	25207
9322	25218
9328	25224
9373	25269
9511	25407
9536	25432
9590	25486
9639	25535
9670	25566
9675	25571
9788	25684
9801	25697
10038	25934
10063	25959
10100	25996
10143	26039
10149	26045
10242	26138
10292	26188
10301	26197
10809	26705
10811	26707
10885	26781
10911	26807
10986	26882
7155	23051
7616	23512
7681	23577
7688	23584
8103	23999
8118	24014
8294	24190
8476	24372
8568	24464
8685	24581
8744	24640
8826	24722
8985	24881
9064	24960
9105	25001
9107	25003
9162	25058
9253	25149
9321	25217
9388	25284
9392	25288
9534	25430
9557	25453
9668	25564
9803	25699
9911	25807
9934	25830
10026	25922
10031	25927
10054	25950
10181	26077
10213	26109
10219	26115
10241	26137
10256	26152
10277	26173
10288	26184
10325	26221
10371	26267
10676	26572
10853	26749
10863	26759
10991	26887
7096	22992
7136	23032
7261	23157
7408	23304
7536	23432
7661	23557
7787	23683
8487	24383
8566	24462
8585	24481
8621	24517
8638	24534
8726	24622
8808	24704
8984	24880
9206	25102
9383	25279
9471	25367
9562	25458
9572	25468
9592	25488
9615	25511
9632	25528
9642	25538
9656	25552
9661	25557
9662	25558
9731	25627
9738	25634
9752	25648
9814	25710
9877	25773
9901	25797
9979	25875
10066	25962
10082	25978
10116	26012
10193	26089
10198	26094
10245	26141
10335	26231
10357	26253
10390	26286
10410	26306
10756	26652
10770	26666
10786	26682
10928	26824
10956	26852
11022	26918
7018	22914
7465	23361
7510	23406
7786	23682
7809	23705
7861	23757
8111	24007
8236	24132
8299	24195
8347	24243
8372	24268
8425	24321
8550	24446
8821	24717
9117	25013
9283	25179
9302	25198
9348	25244
9466	25362
9555	25451
9560	25456
9607	25503
9612	25508
9725	25621
10029	25925
10120	26016
10128	26024
10167	26063
10177	26073
10185	26081
10280	26176
10342	26238
10417	26313
10949	26845
10967	26863
10968	26864
11012	26908
6802	22698
6977	22873
7366	23262
7562	23458
7851	23747
8335	24231
8452	24348
8514	24410
8562	24458
8581	24477
8689	24585
8707	24603
8784	24680
8790	24686
8835	24731
8970	24866
9198	25094
9239	25135
9318	25214
9513	25409
9635	25531
9654	25550
9684	25580
9786	25682
9865	25761
9903	25799
9910	25806
10064	25960
10097	25993
10204	26100
10227	26123
10231	26127
10232	26128
10323	26219
10340	26236
10349	26245
10633	26529
10674	26570
10693	26589
10790	26686
10830	26726
10878	26774
10895	26791
11013	26909
7033	22929
7314	23210
7571	23467
7633	23529
7830	23726
8207	24103
8253	24149
8291	24187
8383	24279
8406	24302
8422	24318
8458	24354
8466	24362
8516	24412
8528	24424
8604	24500
8636	24532
8640	24536
8695	24591
8734	24630
8801	24697
8813	24709
8833	24729
8839	24735
9041	24937
9045	24941
9050	24946
9098	24994
9121	25017
9158	25054
9218	25114
9243	25139
9415	25311
9495	25391
9508	25404
9523	25419
9540	25436
9541	25437
9566	25462
9580	25476
9678	25574
9718	25614
9796	25692
9806	25702
9838	25734
9869	25765
9941	25837
9986	25882
10062	25958
10065	25961
10092	25988
10106	26002
10115	26011
10168	26064
10178	26074
10240	26136
10287	26183
10348	26244
10386	26282
10389	26285
10413	26309
10945	26841
11016	26912
6652	23230
6707	22603
6777	22673
7022	22918
7325	23221
7679	23575
7849	23745
8261	24157
8313	24209
8374	24270
8607	24503
8665	24561
8694	24590
8757	24653
8777	24673
8779	24675
8810	24706
8822	24718
9122	25018
9127	25023
9188	25084
9201	25097
9254	25150
9291	25187
9385	25281
9394	25290
9553	25449
9671	25567
9758	25654
9761	25657
9889	25785
9960	25856
9994	25890
10003	25899
10015	25911
10032	25928
10046	25942
10048	25944
10061	25957
10067	25963
10121	26017
10145	26041
10154	26050
10157	26053
10162	26058
10221	26117
10236	26132
10248	26144
10276	26172
10331	26227
10352	26248
10358	26254
10418	26314
10824	26720
10832	26728
10836	26732
10871	26767
10891	26787
10899	26795
10917	26813
6986	22882
7021	22917
7427	23323
7658	23554
8252	24148
8390	24286
8536	24432
8551	24447
8595	24491
8613	24509
8635	24531
8782	24678
8803	24699
8847	24743
9024	24920
9163	25059
9223	25119
9226	25122
9259	25155
9350	25246
9405	25301
9410	25306
9434	25330
9727	25623
9764	25660
9778	25674
9927	25823
9968	25864
9972	25868
10022	25918
10044	25940
10049	25945
10096	25992
10114	26010
10132	26028
10278	26174
10300	26196
10308	26204
10310	26206
10422	26318
10736	26632
10815	26711
10829	26725
10869	26765
10883	26779
10924	26820
10937	26833
11002	26898
11015	26911
6759	22655
7226	23122
7343	23239
7612	23508
7644	23540
7763	23659
8362	24258
8363	24259
8470	24366
8495	24391
8567	24463
8598	24494
8599	24495
8688	24584
8809	24705
8824	24720
9060	24956
9088	24984
9095	24991
9106	25002
9210	25106
9214	25110
9313	25209
9451	25347
9481	25377
9494	25390
9549	25445
9551	25447
9570	25466
9604	25500
9636	25532
9724	25620
9737	25633
9744	25640
9750	25646
9782	25678
9798	25694
9804	25700
9808	25704
9811	25707
9823	25719
9897	25793
9898	25794
9933	25829
9984	25880
10014	25910
10028	25924
10192	26088
10195	26091
10257	26153
10260	26156
10274	26170
10296	26192
10297	26193
10318	26214
10333	26229
10374	26270
10388	26284
10392	26288
10395	26291
10397	26293
10402	26298
10409	26305
10569	26465
10636	26532
10699	26595
7291	23187
7485	23381
7619	23515
7683	23579
7700	23596
7827	23723
7831	23727
8147	24043
8484	24380
8584	24480
8654	24550
8673	24569
8675	24571
8796	24692
8876	24772
9115	25011
9197	25093
9224	25120
9267	25163
9345	25241
9398	25902
9548	25444
9591	25487
9633	25529
9669	25565
9679	25575
9746	25642
9777	25673
9885	25781
9944	25840
9962	25858
10005	25901
10053	25949
10060	25956
10136	26032
10159	26055
10175	26071
10200	26096
10233	26129
10247	26143
10289	26185
10306	26202
10359	26255
10377	26273
10378	26274
10385	26281
10401	26297
10416	26312
10602	26498
10685	26581
10762	26658
10791	26687
10875	26771
10920	26816
10936	26832
10946	26842
10975	26871
10978	26874
10981	26877
10993	26889
11000	26896
11023	26919
11024	26920
7706	23602
7975	23871
8191	24087
8424	24320
8475	24371
8552	24448
8639	24535
8669	24565
8709	24605
8718	24614
8759	24655
8778	24674
8823	24719
9288	25184
9308	25204
9360	25256
9564	25460
9630	25526
9631	25527
9685	25581
9723	25619
9732	25628
9747	25643
9789	25685
9936	25832
9978	25874
10000	25896
10013	25909
10024	25920
10052	25948
10104	26000
10112	26008
10156	26052
10160	26056
10169	26065
10173	26069
10324	26220
10366	26262
10382	26278
10391	26287
10865	26761
10947	26843
10973	26869
10980	26876
10987	26883
10995	26891
7224	23120
7399	23295
8090	23986
8228	24124
8257	24153
8290	24186
8493	24389
8576	24472
8674	24570
8762	24658
8763	24659
9207	25103
9232	25128
9240	25136
9251	25147
9317	25213
9428	25324
9433	25329
9464	25360
9476	25372
9485	25381
9530	25426
9619	25515
9627	25523
9693	25589
9741	25637
9759	25655
9861	25757
9882	25778
9906	25802
9964	25860
9974	25870
9982	25878
9989	25885
10019	25915
10090	25986
10098	25994
10133	26029
10141	26037
10148	26044
10194	26090
10215	26111
10217	26113
10271	26167
10291	26187
10298	26194
10299	26195
10329	26225
10336	26232
10361	26257
10362	26258
10365	26261
10381	26277
10896	26792
10989	26885
11006	26902
7251	23147
7300	23196
7492	23388
7546	23442
7792	23688
7840	23736
7859	23755
8500	24396
8518	24414
8624	24520
8652	24548
8702	24598
9077	24973
9143	25039
9176	25072
9237	25133
9315	25211
9500	25396
9518	25414
9556	25452
9565	25461
9598	25494
9742	25638
9756	25652
9770	25666
9771	25667
9799	25695
9859	25755
9916	25812
9935	25831
9942	25838
9956	25852
9975	25871
9990	25886
10030	25926
10035	25931
10055	25951
10070	25966
10155	26051
10158	26054
10171	26067
10182	26078
10186	26082
10230	26126
10249	26145
10255	26151
10281	26177
10304	26200
10320	26216
10327	26223
10330	26226
10343	26239
10355	26251
10370	26266
10398	26294
10411	26307
10420	26316
10421	26317
10902	26798
6642	22538
6859	22755
7671	23567
8123	24019
8324	24220
8342	24238
8398	24294
8464	24360
8505	24401
8527	24423
8628	24524
8690	24586
8957	24853
9078	24974
9177	25073
9219	25115
9264	25160
9402	25298
9414	25310
9438	25334
9448	25344
9506	25402
9603	25499
9610	25506
9717	25613
9728	25624
9824	25720
9948	25844
9988	25884
10050	25946
10083	25979
10088	25984
10109	26005
10113	26009
10119	26015
10150	26046
10151	26047
10163	26059
10226	26122
10235	26131
10283	26179
10313	26209
10315	26211
10345	26241
10354	26250
10360	26256
10387	26283
10403	26299
10406	26302
10423	26319
10425	26321
10767	26663
10833	26729
10882	26778
10953	26849
10984	26880
11005	26901
11008	26904
11020	26916
11033	26929
7459	23355
7728	23624
7752	23648
7814	23710
7918	23814
8760	24656
8857	24753
9076	24972
9130	25026
9231	25127
9261	25157
9356	25252
9411	25307
9504	25400
9628	25524
9629	25525
9696	25592
9712	25608
9733	25629
9765	25661
9766	25662
9781	25677
9802	25698
9812	25708
9829	25725
9940	25836
9961	25857
9969	25865
9999	25895
10001	25897
10002	25898
10020	25916
10043	25939
10073	25969
10091	25987
10140	26036
10146	26042
10153	26049
10174	26070
10176	26072
10205	26101
10214	26110
10254	26150
10295	26191
10302	26198
10314	26210
10317	26213
10321	26217
10344	26240
10393	26289
10763	26659
10813	26709
10939	26835
10954	26850
11009	26905
11010	26906
7126	23022
7246	23142
7332	23228
7488	23384
7570	23466
7636	23532
7654	23550
7755	23651
8109	24005
8171	24067
8507	24403
8537	24433
8540	24436
8664	24560
8680	24576
8770	24666
8776	24672
8789	24685
8950	24846
9030	24926
9034	24930
9074	24970
9280	25176
9378	25274
9386	25282
9492	25388
9501	25397
9531	25427
9646	25542
9673	25569
9721	25617
9834	25730
9849	25745
9894	25790
9924	25820
9957	25853
10006	25902
10018	25914
10027	25923
10040	25936
10071	25967
10081	25977
10095	25991
10161	26057
10165	26061
10172	26068
10184	26080
10199	26095
10210	26106
10218	26114
10220	26116
10224	26120
10258	26154
10282	26178
10311	26207
10341	26237
10399	26295
10603	26499
10807	26703
10879	26775
10894	26790
10990	26886
11004	26900
7463	23359
7568	23464
7673	23569
7779	23675
8512	24408
8736	24632
8761	24657
8825	24721
8831	24727
9145	25041
9354	25250
9469	25365
9499	25395
9502	25398
9655	25551
9681	25577
9768	25664
9776	25672
9820	25716
9928	25824
10056	25952
10085	25981
10166	26062
10188	26084
10262	26158
10284	26180
10293	26189
10351	26247
10380	26276
10384	26280
10400	26296
10408	26304
10424	26320
10854	26750
10915	26811
10931	26827
10951	26847
10997	26893
7514	23410
7915	23811
8259	24155
8435	24331
8541	24437
8754	24650
8775	24671
8807	24703
8842	24738
9148	25044
9184	25080
9346	25242
9371	25267
9497	25393
9521	25417
9658	25554
9736	25632
10041	25937
10089	25985
10111	26007
10123	26019
10125	26021
10135	26031
10237	26133
10238	26134
10252	26148
10266	26162
10268	26164
10290	26186
10294	26190
10337	26233
10356	26252
10368	26264
10379	26275
10405	26301
10781	26677
10929	26825
10974	26870
10998	26894
10999	26895
11011	26907
7152	23048
7731	23627
8301	24197
8376	24272
8756	24652
8785	24681
8959	24855
9091	24987
9227	25123
9412	25308
9563	25459
9601	25497
9650	25546
9692	25588
9932	25828
10094	25990
10110	26006
10139	26035
10228	26124
10244	26140
10259	26155
10275	26171
10285	26181
10305	26201
10307	26203
10309	26205
10319	26215
10347	26243
10353	26249
10396	26292
10404	26300
10407	26303
10892	26788
10909	26805
10930	26826
10952	26848
10958	26854
11014	26910
7055	22951
7579	23475
8453	24349
8515	24411
8829	24725
9535	25431
9550	25446
9594	25490
9666	25562
9703	25599
9734	25630
9769	25665
9791	25687
9809	25705
10057	25953
10101	25997
10201	26097
10202	26098
10229	26125
10253	26149
10261	26157
10312	26208
10363	26259
10372	26268
10376	26272
10828	26724
11007	26903
11017	26913
11021	26917
8513	24409
9073	24969
9152	25048
9183	25079
9238	25134
9755	25651
9919	25815
9925	25821
10087	25983
10152	26048
10189	26085
10212	26108
10243	26139
10251	26147
10267	26163
10322	26218
10367	26263
10412	26308
10835	26731
10950	26846
8731	24627
9600	25496
9620	25516
9715	25611
9784	25680
9918	25814
9937	25833
9970	25866
10170	26066
10263	26159
10350	26246
10394	26290
10985	26881
7808	23704
8934	24830
9007	24903
9818	25714
9828	25724
10117	26013
10134	26030
10209	26105
10234	26130
10414	26310
7829	23725
9637	25533
9958	25854
9963	25859
10025	25921
10075	25971
10941	26837
9914	25810
10373	26269
10572	26468
10927	26823
11019	26915
8502	24398
8787	24683
8921	24817
9191	25087
9967	25863
9987	25883
9996	25892
10129	26025
10197	26093
10419	26315
11001	26897
9780	25676
9810	25706
10183	26079
8160	24056
10223	26119
10012	25908
