9971	25867
10429	26325
9214	25110
8124	24020
8315	24211
8851	24747
8926	24822
9462	25358
10553	26449
8556	24452
8492	24388
7373	23269
8282	24178
10420	26316
9045	24941
6770	22666
8804	24700
10600	26496
9495	25391
8164	24060
6967	22863
6734	22630
7988	23884
8692	24588
10713	26609
8802	24698
8258	24154
9187	25083
9156	25052
6531	22427
8347	24243
7262	23158
10603	26499
9166	25062
8803	24699
8114	24010
8580	24476
10835	26731
10171	26067
7155	23051
10255	26151
6196	22092
6482	22378
8674	24570
10971	26867
6481	22377
6883	22779
6405	22301
7648	23544
6332	22228
7661	23557
8022	23918
8954	24850
8709	24605
8317	24213
8742	24638
7243	23139
7902	23798
10108	26004
10771	26667
10296	26192
10829	26725
9741	25637
8528	24424
10100	25996
9452	25348
7898	23794
10022	25918
7520	23416
9963	25859
7332	23228
8941	24837
9296	25192
8810	24706
9406	25302
9871	25767
9607	25503
6587	22483
9770	25666
9384	25280
8654	24550
10249	26145
9539	25435
7781	23677
6169	22065
10082	25978
7834	23730
7630	23526
7091	22987
9528	25424
9583	25479
10253	26149
6463	22359
8436	24332
10095	25991
6043	21939
7785	23681
8919	24815
6498	22394
9802	25698
9407	25303
6129	22025
8416	24312
7665	23561
10173	26069
7633	23529
9141	25037
9038	24934
9364	25260
9795	25691
6913	22809
6905	22801
7353	23249
10712	26608
10339	26235
9043	24939
8286	24182
7495	23391
7302	23198
8239	24135
7828	23724
8110	24006
9162	25058
8190	24086
6748	22644
6115	22011
9010	24906
8203	24099
6306	22202
9227	25123
8205	24101
9868	25764
8269	24165
9752	25648
8202	24098
6777	22673
8699	24595
9647	25543
7171	23067
7859	23755
9746	25642
10906	26802
8473	24369
6860	22756
6174	22070
7161	23057
9554	25450
6599	22495
7498	23394
10264	26160
7928	23824
6680	22576
10924	26820
8396	24292
6426	22322
8532	24428
7779	23675
9838	25734
9225	25121
6048	21944
9598	25494
9968	25864
8133	24029
7077	22973
6522	22418
6019	21915
9272	25168
8174	24070
6535	22431
6313	22209
6119	22015
9034	24930
8109	24005
10515	26411
9745	25641
9679	25575
6724	22620
6014	21910
9580	25476
8077	23973
8163	24059
8995	24891
9524	25420
9542	25438
7691	23587
9173	25069
6718	22614
8839	24735
8504	24400
10167	26063
10851	26747
8179	24075
6936	22832
7449	23345
10177	26073
8931	24827
6705	22601
10886	26782
6067	21963
8743	24639
8096	23992
10912	26808
7911	23807
8392	24288
10859	26755
7408	23304
10120	26016
6180	22076
9233	25129
7557	23453
7178	23074
6162	22058
10016	25912
8876	24772
9400	25296
10162	26058
6722	22618
6711	22607
10618	26514
10243	26139
7244	23140
10552	26448
6432	22328
7316	23212
7127	23023
7340	23236
6642	22538
9617	25513
8113	24009
10679	26575
7258	23154
8328	24224
6484	22380
9780	25676
10865	26761
9609	25505
10350	26246
7559	23455
6822	22718
7319	23215
6818	22714
7108	23004
10626	26522
9965	25861
8175	24071
10213	26109
8610	24506
9538	25434
9901	25797
6388	22284
5989	21885
7000	22896
7971	23867
8427	24323
7797	23693
9037	24933
8755	24651
9148	25044
8402	24298
9822	25718
8650	24546
9848	25744
9800	25696
7027	22923
9183	25079
10232	26128
7608	23504
7188	23084
9836	25732
6265	22161
7763	23659
8760	24656
10985	26881
8534	24430
10813	26709
8327	24223
9729	25625
10638	26534
8595	24491
6219	22115
10979	26875
7121	23017
7787	23683
6559	22455
7598	23494
9880	25776
10132	26028
7288	23184
7733	23629
9153	25049
9557	25453
10757	26653
8690	24586
9724	25620
7207	23103
9957	25853
9867	25763
11046	26942
7185	23081
6423	22319
10702	26598
10057	25953
6840	22736
10157	26053
9573	25469
8242	24138
6320	22216
8487	24383
9626	25522
7527	23423
10789	26685
6596	22492
7650	23546
7058	22954
6666	22562
8079	23975
10526	26422
7551	23447
7556	23452
7923	23819
9804	25700
10910	26806
7051	22947
10427	26323
6820	22716
10915	26811
8975	24871
10597	26493
6202	22098
8145	24041
10480	26376
8921	24817
6695	22591
7596	23492
7585	23481
10707	26603
10904	26800
7117	23013
9882	25778
9916	25812
7932	23828
9684	25580
6502	22398
10516	26412
8656	24552
9014	24910
9891	25787
9984	25880
8008	23904
11042	26938
6586	22482
7356	23252
8776	24672
10125	26021
9604	25500
10474	26370
6515	22411
7539	23435
6985	22881
10927	26823
9884	25780
6765	22661
9336	25232
8418	24314
6435	22331
9136	25032
9513	25409
6068	21964
9591	25487
6911	22807
10935	26831
10059	25955
10147	26043
9246	25142
7255	23151
6706	22602
7631	23527
10260	26156
6751	22647
7580	23476
10009	25905
8291	24187
7242	23138
8976	24872
7226	23122
9953	25849
10998	26894
7727	23623
6825	22721
7059	22955
9667	25563
6335	22231
9660	25556
6144	22040
6224	22120
6380	22276
9369	25265
8367	24263
7433	23329
9170	25066
7096	22992
9417	25313
7381	23277
9994	25890
9793	25689
6490	22386
8074	23970
7111	23007
8062	23958
6894	22790
10752	26648
6866	22762
6480	22376
10499	26395
9532	25428
9680	25576
7320	23216
7488	23384
10872	26768
6994	22890
8071	23967
10838	26734
10528	26424
8440	24336
9928	25824
8035	23931
9172	25068
7444	23340
9507	25403
7636	23532
7360	23256
9790	25686
9257	25153
6021	21917
9737	25633
10617	26513
8657	24553
10663	26559
6637	22533
8806	24702
6494	22390
9809	25705
7593	23489
6664	22560
7686	23582
9685	25581
10446	26342
7474	23370
7492	23388
9263	25159
10454	26350
8047	23943
10384	26280
10898	26794
7670	23566
6190	22086
9297	25193
6023	21919
10304	26200
9614	25510
9518	25414
9621	25517
10395	26291
9728	25624
10582	26478
10943	26839
8028	23924
7476	23372
8513	24409
10236	26132
7322	23218
9633	25529
9349	25245
10158	26054
8065	23961
9026	24922
6431	22327
8645	24541
11001	26897
8575	24471
6303	22199
8461	24357
7307	23203
10640	26536
10148	26044
6143	22039
6367	22263
6506	22402
6635	22531
7622	23518
7767	23663
10694	26590
10532	26428
6347	22243
6201	22097
7008	22904
8986	24882
7352	23248
6579	22475
9414	25310
11031	26927
7647	23543
6787	22683
7652	23548
6729	22625
7591	23487
9730	25626
9883	25779
9087	24983
10882	26778
9535	25431
8798	24694
6046	21942
7838	23734
9119	25015
10497	26393
9113	25009
7463	23359
6514	22410
7974	23870
9975	25871
9748	25644
5991	21887
8677	24573
6264	22160
8379	24275
8206	24102
6140	22036
6387	22283
7066	22962
6960	22856
8516	24412
10937	26833
8589	24485
9615	25511
7934	23830
9531	25427
8196	24092
6475	22371
9976	25872
7866	23762
9845	25741
8344	24240
8893	24789
9238	25134
6455	22351
9919	25815
9434	25330
8895	24791
7653	23549
11016	26912
9145	25041
9024	24920
10386	26282
6876	22772
8375	24271
8661	24557
9568	25464
7888	23784
6828	22724
8920	24816
7017	22913
9612	25508
8212	24108
8701	24597
7790	23686
7863	23759
8858	24754
11041	26937
10674	26570
9656	25552
9184	25080
9274	25170
7454	23350
8214	24110
8208	24104
10397	26293
7629	23525
7609	23505
7024	22920
8336	24232
7129	23025
6134	22030
10457	26353
8076	23972
9842	25738
6440	22336
8873	24769
7345	23241
10664	26560
9253	25149
5995	21891
7840	23736
9100	24996
10403	26299
8902	24798
6877	22773
8555	24451
9430	25326
9810	25706
10050	25946
9182	25078
8751	24647
6887	22783
8299	24195
7236	23132
9577	25473
7167	23063
9157	25053
7304	23200
9853	25749
6842	22738
8329	24225
6612	22508
10889	26785
6217	22113
9293	25189
6167	22063
8969	24865
7387	23283
7071	22967
6251	22147
9740	25636
8847	24743
10486	26382
7849	23745
7458	23354
6060	21956
9756	25652
10471	26367
7978	23874
6816	22712
6863	22759
7486	23382
8085	23981
10931	26827
6130	22026
8137	24033
10538	26434
9311	25207
10914	26810
10391	26287
10554	26450
7076	22972
9107	25003
6096	21992
7960	23856
7765	23661
10375	26271
8302	24198
8958	24854
6945	22841
6141	22037
7528	23424
6402	22298
10035	25931
10461	26357
8646	24542
6728	22624
8667	24563
10281	26177
8304	24200
6925	22821
9402	25298
6641	22537
8562	24458
10708	26604
8899	24795
8198	24094
10449	26345
8459	24355
6678	22574
10114	26010
10240	26136
6296	22192
6830	22726
10841	26737
11011	26907
7451	23347
8888	24784
6929	22825
6625	22521
6199	22095
8059	23955
8191	24087
10854	26750
8366	24262
6135	22031
8503	24399
7429	23325
6530	22426
10781	26677
9375	25271
7852	23748
10780	26676
10490	26386
8886	24782
8746	24642
7950	23846
6516	22412
10868	26764
7147	23043
10939	26835
6412	22308
7657	23553
8974	24870
6272	22168
6257	22153
8458	24354
8722	24618
7210	23106
7359	23255
9643	25539
8712	24608
6449	22345
9051	24947
10966	26862
7876	23772
9412	25308
7930	23826
6624	22520
10522	26418
9098	24994
7110	23006
10858	26754
8106	24002
6310	22206
6987	22883
10994	26890
8305	24201
6187	22083
9739	25635
8287	24183
6585	22481
7237	23133
6931	22827
10511	26407
10073	25969
8006	23902
6736	22632
8609	24505
8477	24373
9058	24954
6394	22290
9937	25833
10623	26519
7519	23415
8781	24677
8245	26459
6460	22356
6073	21969
10650	26546
6308	22204
7743	23639
10404	26300
6881	22777
10974	26870
9501	25397
6977	22873
7996	23892
9211	25107
7507	23403
6293	22189
7567	23463
9787	25683
6066	21962
7419	23315
8236	24132
10444	26340
6611	22507
7832	23728
7947	23843
8484	24380
8808	24704
7561	23457
8994	24890
10044	25940
10887	26783
10839	26735
7252	23148
7865	23965
9126	25022
6756	22652
7156	23052
7801	23697
8970	24866
7504	23400
9939	25835
10155	26051
10731	26627
9775	25671
8016	25707
6687	22583
9008	24904
9803	25699
10418	26314
9137	25033
8612	24508
10866	26762
9056	26786
6922	22818
6191	22087
10710	26606
6065	21961
6855	22751
8168	24064
6397	22293
7249	23145
9489	25385
7431	23327
8216	24112
7953	23849
6355	22251
6503	22399
9852	25748
8529	24425
8759	24655
6602	22498
6604	22500
6083	21979
7423	23319
7080	22976
9295	25191
8247	24143
9872	25768
8685	24581
10398	26294
7470	23366
8856	24752
8905	24801
8257	24153
9512	25408
9869	25765
8439	24335
6270	22166
7453	23349
10948	26844
7043	22939
8268	24164
9751	25647
6721	22617
10550	26446
9190	25086
9773	25669
7819	23715
10273	26169
8149	24045
10207	26103
6831	22727
7511	23407
10615	26511
9306	25202
7590	23486
7954	23850
8234	24130
7695	23591
7929	23825
7021	22917
9240	25136
10136	26032
8249	24145
10711	26607
6590	22486
8153	24049
10487	26383
6321	22217
10441	26337
6819	22715
6092	21988
9139	25035
10590	26486
6261	22157
8608	24504
9861	25757
9398	25902
10856	26752
6953	22849
9794	25690
9278	25174
6692	22588
8083	23979
7037	22933
6868	22764
8309	24205
9850	25746
10019	25915
9875	25771
9399	25295
7372	23268
10773	26669
7623	23519
8959	24855
7196	23352
10271	26167
8745	24641
10337	26233
7687	23583
8252	24148
8143	24039
8859	24755
8189	24085
8897	24793
9938	25834
7273	23169
9326	25222
11045	26941
8527	24423
9092	24988
10286	26182
9377	25273
9575	25471
9649	25545
8468	24364
10776	26672
7766	23662
7354	23250
8243	24139
10184	26080
10077	25973
7729	23625
8651	24547
10595	26491
6279	22175
10723	26619
6630	22526
9798	25694
7278	23174
9500	25396
7926	23822
9544	25440
8507	24403
9448	25344
9144	25040
7514	23410
10434	26330
6609	22505
9958	25854
6940	22836
7227	23123
9515	25411
8423	24319
9089	24985
6569	22465
10676	26572
10317	26213
8488	24384
6827	22723
9910	25806
8863	24759
7234	23130
9806	25702
6914	22810
7815	23711
10669	26565
10223	26119
8531	24427
6683	22579
7045	22941
10833	26729
7505	23401
10097	25993
9514	25410
7692	23588
8901	24797
10401	26297
6155	22051
9069	24965
6084	21980
6057	25171
8053	23949
8824	24720
7786	23682
8201	24097
7605	23501
6501	22397
10703	26599
6613	22509
6040	21936
8140	24036
10607	26503
8256	24152
6717	22613
9625	25521
7673	23569
11009	26905
6517	22413
6118	22014
6249	22145
7998	23894
10624	26520
10343	26239
5990	21886
8024	23938
8913	24809
10284	26180
6000	21896
7825	23721
9710	25606
9316	25212
6799	22695
6055	21951
9964	25860
8867	24763
6382	22278
10006	25902
10327	26223
10221	26117
6754	22650
10197	26093
8514	24410
9431	25327
10959	26855
9341	25237
6064	21960
8063	23959
6964	22860
6149	22045
8505	24401
9506	25402
10844	26740
10620	26516
9171	25067
10201	26097
9855	25751
6018	21914
10857	26753
9665	25561
10609	26505
10208	26104
8134	24030
10877	26773
10976	26872
8691	24587
9243	25139
7046	22942
9347	25243
6974	22870
8018	23914
6735	22631
9523	25419
7270	23166
8081	23977
10038	25934
7395	23291
7873	23769
9645	25541
6062	21958
10408	26304
6076	21972
9888	25784
11027	26923
9059	24955
9547	25443
6990	22886
9955	25851
7388	23284
10015	25911
6991	22887
7762	23658
7251	23147
6278	22174
6574	22470
10699	26595
7534	23430
9760	25656
9771	25667
7696	23592
9335	25231
10916	26812
10968	26864
8996	24892
8757	24653
6186	22082
10447	26343
7118	23014
7338	23234
9453	25349
9796	25692
9339	25235
8793	24689
8313	24209
6053	21949
8664	24560
9194	25090
11026	26922
8103	23999
7933	23829
9358	25254
6557	22453
7473	23369
10089	25985
7855	23751
8432	24328
7026	22922
6651	22547
9666	25562
7154	23050
6030	21926
10568	26464
6882	22778
5992	21888
7621	23517
9818	25714
10642	26538
8882	24778
7456	23352
7295	23191
8782	24678
10244	26140
9911	25807
10584	26480
6973	22869
6850	22746
10848	26744
9517	25413
10728	26624
7506	23402
10333	26229
7844	23740
7072	22968
6049	21945
7985	23881
10680	26576
10695	26591
6209	22105
10662	26558
10159	26055
7028	22924
6580	22476
8737	24633
9572	25468
9067	24963
11030	26926
8227	24123
7020	22916
9774	25670
6354	22250
10406	26302
9179	25075
9944	25840
6869	22765
7829	23725
10280	26176
6713	22609
8033	23929
8101	23997
8310	24206
8098	23994
10390	26286
10900	26796
7266	23162
10631	26527
6008	21904
6379	22275
9589	25485
9472	25368
7966	23862
7490	23386
8891	24787
8680	24576
8014	23910
7104	23000
9743	25639
10573	26469
10435	26331
9879	25775
8383	24279
8615	24511
10611	26507
9036	24932
8730	24626
8841	24737
9046	24942
7329	23225
8666	24562
7827	23723
9662	25558
6533	22429
6783	22679
7191	23087
7294	23190
9999	25895
8025	23921
8978	24874
9461	25357
8750	24646
9180	25076
6401	22297
7480	23376
6510	22406
7701	23597
10821	26717
9922	25818
9428	25324
6744	22640
9329	25225
10246	26142
7553	23449
8297	24193
9060	24956
7115	23011
6957	22853
6198	22094
10612	26508
8787	24683
9545	25441
10801	26697
7106	23002
9202	25098
9873	25769
9913	25809
9824	25720
10092	25988
7925	23821
8027	23923
8643	24539
8238	24134
8055	23951
6617	22513
7482	23378
6792	22688
10424	26320
6661	22557
9298	25194
8090	23986
10721	26617
8204	24100
9009	24905
6731	22627
8183	24079
9640	25536
9361	25257
10371	26267
8812	24708
8333	24229
8465	24361
9733	25629
8845	24741
9510	25406
6462	22358
10012	25908
9086	24982
7107	23003
6766	22662
7280	23176
6859	22755
8640	24536
7284	23180
9540	25436
8989	24885
10165	26061
10632	26528
9932	25828
9286	25182
8801	24697
6081	21977
9390	25286
10455	26351
9476	25372
10585	26481
8394	24290
8950	24846
6862	22758
9419	25315
9168	25064
6761	22657
8116	24012
10411	26307
10714	26610
10027	25923
10920	26816
9498	25394
8896	24792
10589	26485
9365	25261
7034	22930
7177	23073
6489	22385
10715	26611
7105	23001
6543	22439
6898	22794
9224	25120
10503	26399
7675	23571
6436	22332
6848	22744
6342	22238
9854	25750
8526	24422
7756	23652
9320	25216
6563	22459
7432	23328
10322	26218
9533	25429
9659	25555
10466	26362
9111	25007
8233	24129
7512	23408
7742	23638
8380	24276
8265	24161
6468	22364
8092	23988
10527	26423
10563	26459
9209	25105
6139	22035
9239	25135
10145	26041
6948	22844
7218	23114
8551	24447
8207	24103
8441	24337
9993	25889
7093	22989
9727	25623
8770	24666
8621	24517
8036	23932
8301	24197
7761	23657
7493	23389
8559	24455
7324	23220
9522	25418
10294	26190
7379	23275
6971	22867
10052	25948
6395	22291
7920	23816
7168	23064
8041	23937
6148	22044
8089	23985
6244	22140
8497	24393
9120	25016
9658	25554
7483	23379
6700	22596
10272	26168
6583	22479
9204	25100
8655	24551
10123	26019
8363	24259
10544	26440
7620	23516
7090	22986
8128	24024
6890	22786
6878	22774
8723	24619
8479	24375
10709	26605
6276	22172
9220	25116
7803	23699
6345	22241
7749	23645
8368	24264
8051	23947
8988	24884
6175	22071
7789	23685
7391	23287
10693	26589
6146	22042
8596	24492
10028	25924
10415	26311
8906	24802
8590	24486
6746	22642
8684	24580
10593	26489
6407	22303
9411	25307
7413	23309
8713	24609
8635	24531
9116	25012
8285	24181
9110	25006
7972	23868
10967	26863
7909	23805
8421	24317
8352	24248
10459	26355
10431	26327
9389	25285
9942	25838
10109	26005
6540	22436
8131	24027
9305	25201
6703	22599
10602	26498
8578	24474
7268	23164
7780	23676
6339	22235
6154	22050
8985	24881
10130	26026
6511	22407
8279	24175
7804	23700
7707	23603
10535	26431
10103	25999
6036	21932
8728	24624
9706	25602
9267	25163
7175	23071
7421	23317
7048	22944
8572	24468
9585	25481
10140	26036
9693	25589
10175	26071
8695	24591
9982	25878
10696	26592
7393	23289
7699	23595
10818	26714
6318	22214
10036	25932
9072	24968
8420	24316
10247	26143
9093	24989
9261	25157
10362	26258
8246	24142
6595	22491
7181	23077
7038	22934
6398	22294
7877	23773
6618	22514
6197	22093
11028	26924
10372	26268
7399	23295
7298	23611
8463	24359
6248	22144
9082	24978
7215	23111
9222	25118
9704	25600
10630	26526
10134	26030
7671	23567
6880	22776
10380	26276
6181	22077
7758	23654
9747	25643
10222	26118
6195	22091
7137	25235
9055	24951
7496	23392
7962	23858
6051	21947
7602	23498
9310	25206
6826	22722
7261	23157
6161	22057
8045	23941
10810	26706
10770	26666
8894	24790
7611	23507
9754	25650
8056	23952
9080	24976
7131	23027
10784	26680
9163	25059
10205	26101
9494	25390
10704	26600
6314	22210
9516	25412
10653	26549
6260	22156
10062	25958
9196	25092
10726	26622
8389	24285
7541	23437
9601	25497
10357	26253
10580	26476
7833	23729
6708	22604
6058	21954
9096	24992
9133	25029
8682	24578
8961	24857
7568	23464
10462	26358
6215	22111
9063	24959
